8.578328	9.401389	-0.185570	-1.948936	-1.000000	-5.000000	0.845980	0.851914	0.859468	0.901532	0.918567	1.196657	1.437223	0.845275	111.465986
4.166502	3.649577	-0.420286	-2.535156	-1.000000	-4.868421	0.370785	-0.999736	0.366354	0.353273	0.352755	0.352219	0.329191	0.983912	160.573141
8.844414	6.450744	-0.884415	-0.520000	-1.000000	-4.736842	1.173243	1.207430	1.222730	1.245969	1.253021	1.320806	1.433869	0.963128	10.715894
9.271959	6.912136	-0.999999	-0.895083	-1.000000	-4.605263	1.009351	1.053191	1.070674	1.089132	1.093426	1.177088	1.305766	0.954522	28.207836
9.490121	9.485908	-0.660387	-0.590540	-1.000000	-4.473684	1.010561	1.061584	1.079020	1.101585	1.118584	1.210144	1.292285	0.796663	3.974637
5.891950	7.194801	-0.597056	-0.837974	-1.000000	-4.342105	0.645017	0.777456	0.696407	0.791066	0.797008	0.835529	0.887636	0.562604	8.478601
8.137949	4.473071	-1.000000	-1.601246	-1.000000	-4.210526	0.994707	1.058571	1.083002	1.121394	1.138379	1.259335	1.369241	0.938083	18.625072
9.959687	4.919607	-0.276329	-0.684792	-1.000000	-4.078947	0.672202	0.704283	0.705171	0.715042	0.719436	0.759131	0.872121	0.808646	17.538065
10.000000	6.161504	-0.260769	-0.849555	-1.000000	-3.947368	0.584497	0.605736	0.618073	0.636635	0.647711	0.720979	0.839586	0.867491	14.388600
4.350134	4.486476	-0.614456	-1.625060	-1.000000	-3.815789	1.076246	1.142761	1.172108	1.206518	1.224073	1.310971	1.401734	0.372824	5.639441
8.752877	4.686865	-0.457372	-1.394226	-1.000000	-3.684211	0.633215	0.660194	0.674807	0.705133	0.717003	0.831220	0.985304	1.148014	11.273919
3.249813	3.217310	-0.526452	-1.599775	-1.000000	-3.552632	0.945844	0.968020	0.982259	0.999531	1.008640	1.093214	1.250657	0.077215	1.214642
6.439754	2.000005	-0.574268	-1.374363	-1.000000	-3.421053	0.612007	0.634525	0.650836	0.673789	0.685505	0.770815	0.992155	1.431173	7.323326
8.686287	3.265639	-0.167027	-1.409393	-1.000000	-3.289474	0.540681	0.568459	0.585043	0.608680	0.622063	0.708757	0.887556	1.476229	9.069633
3.464258	3.092225	-0.080139	-3.054396	-1.000000	-3.157895	-0.016008	0.235589	0.325974	0.443071	0.513090	0.594572	0.660202	0.695210	174.927360
4.754058	2.318081	0.172167	-3.380973	-1.000000	-3.026316	0.302078	0.263290	0.254252	0.307654	0.801674	0.855006	0.858824	0.973214	384.728444
4.688854	2.506973	0.058350	-1.011805	-1.000000	-2.894737	0.262460	0.311424	0.329598	0.334904	0.337575	0.421425	0.533622	0.338096	92.114846
5.566112	4.307353	-0.451323	-2.872478	-1.000000	-2.763158	0.000000	0.196295	0.330993	0.433656	0.516630	0.586266	0.646264	0.698970	14551696277189527863296.000000
4.283544	2.447609	-0.420544	-0.944353	-1.000000	-2.631579	0.000000	0.196295	0.330993	0.433656	0.516630	0.586266	0.646264	0.698970	14857865989909475491840.000000
3.054000	2.461199	-0.169683	-0.675739	-1.000000	-2.500000	-0.908025	-0.905827	-0.904901	-0.902868	-0.902517	-0.894270	-0.871406	-0.226147	115.437839
7.699153	8.507715	-0.284911	-1.867727	-0.894737	-5.000000	0.890389	0.895693	0.901951	0.939267	0.956220	1.310481	1.518831	0.857327	102.480846
10.000000	6.921672	-1.000000	-0.520000	-0.894737	-4.868421	1.182361	1.210753	1.219139	1.230414	1.236746	1.312694	1.475786	0.988560	13.009800
8.294801	5.708849	-0.967820	-0.557380	-0.894737	-4.736842	1.191621	1.221360	1.235288	1.256760	1.264262	1.328715	1.454912	0.970604	10.670627
9.804552	9.489969	-0.691003	-0.520000	-0.894737	-4.605263	1.153790	1.183085	1.201071	1.220792	1.229383	1.286092	1.396962	0.879436	2.344078
9.488644	9.489987	-0.663490	-0.588404	-0.894737	-4.473684	1.011845	1.065506	1.082590	1.105758	1.121470	1.208707	1.293149	0.792162	4.012526
9.156023	9.489578	-0.609811	-0.702450	-0.894737	-4.342105	0.908558	0.953899	0.964737	0.987721	1.004667	1.082225	1.173169	0.705974	8.705403
8.653591	4.993617	-0.943227	-1.613381	-0.894737	-4.210526	0.992245	1.033137	1.050031	1.087203	1.101242	1.232135	1.356687	0.956869	18.679251
8.605234	3.450584	-1.000000	-1.455856	-0.894737	-4.078947	0.959732	0.998567	1.019447	1.040015	1.054144	1.123093	1.244102	1.076893	14.832211
7.083030	3.020608	-0.956928	-1.463212	-0.894737	-3.947368	0.947682	0.980093	1.004323	1.025790	1.038699	1.140528	1.218482	1.071566	14.506811
5.492673	5.658610	-0.519034	-1.697392	-0.894737	-3.815789	1.070593	1.107737	1.124840	1.145151	1.154197	1.215793	1.310112	0.255928	2.604512
8.728870	4.670624	-0.471888	-1.400437	-0.894737	-3.684211	0.635461	0.661111	0.678057	0.707753	0.722157	0.839636	1.002390	1.132323	8.808470
9.298149	6.426373	-0.304340	-1.410108	-0.894737	-3.552632	0.597785	0.629487	0.648503	0.670171	0.681307	0.759196	0.893838	1.090583	8.189838
3.068225	2.925986	-0.484288	-1.553667	-0.894737	-3.421053	0.838830	0.854903	0.865362	0.878411	0.885270	0.947428	1.109027	0.244280	2.210899
5.464536	2.002678	-0.398796	-1.432425	-0.894737	-3.289474	0.659963	0.682430	0.698420	0.724609	0.737593	0.812671	0.996817	1.409037	7.887679
3.270675	2.959545	-0.086432	-3.298051	-0.894737	-3.157895	-0.000904	0.256125	0.333044	0.454780	0.505047	0.587819	0.666700	0.657273	166.162149
3.083940	2.032580	-0.073320	-2.056246	-0.894737	-3.026316	0.068137	0.197440	0.503736	0.604447	0.635920	0.741356	0.752213	1.036473	246.484266
4.355817	3.762228	-0.715717	-1.569150	-0.894737	-2.894737	0.000000	0.196295	0.330993	0.433656	0.516630	0.586266	0.646264	0.698970	13468481259330995224576.000000
7.510219	6.434469	-0.662139	-1.674251	-0.894737	-2.763158	0.000000	0.196295	0.330993	0.433656	0.516630	0.586266	0.646264	0.698970	14172344073805897924608.000000
4.219242	2.404482	-0.005163	-2.142330	-0.894737	-2.631579	0.000000	0.196295	0.330993	0.433656	0.516630	0.586266	0.646264	0.698970	14870491745474515566592.000000
3.343350	2.679791	0.012807	-0.683614	-0.894737	-2.500000	-0.896223	-0.894800	-0.893666	-0.893072	-0.892611	-0.889090	-0.879621	-0.891987	14.727175
9.275192	6.131357	-0.999061	-1.024018	-0.789474	-5.000000	1.308787	1.311374	1.376804	1.391842	1.396521	1.447202	1.562657	0.863964	62.966629
9.999934	7.368245	-0.999984	-0.850189	-0.789474	-4.868421	1.164245	1.186539	1.191243	1.199001	1.201940	1.283161	1.486009	0.969730	17.383559
8.841021	6.121427	-0.963843	-0.625708	-0.789474	-4.736842	1.101847	1.180510	1.200969	1.216455	1.223680	1.292538	1.442947	0.959289	10.714889
9.786325	9.489884	-0.691201	-0.520000	-0.789474	-4.605263	1.155163	1.187166	1.205648	1.225889	1.235256	1.291209	1.401884	0.874831	2.353441
9.469732	9.489811	-0.668069	-0.582512	-0.789474	-4.473684	1.021308	1.070868	1.088419	1.111303	1.127860	1.216873	1.295824	0.782166	4.257599
7.118567	9.175684	-0.688875	-1.603962	-0.789474	-4.342105	0.230570	0.258683	0.293762	0.349034	0.382291	0.420168	0.528844	0.435592	13.784687
8.336116	4.462027	-0.999636	-1.587074	-0.789474	-4.210526	0.963276	1.034624	1.052343	1.092699	1.114406	1.239473	1.366641	0.984718	16.522109
6.064550	7.690283	-0.658850	-1.759695	-0.789474	-4.078947	0.217333	0.258989	0.300354	0.339213	0.344549	0.398392	0.469350	0.300956	4.023009
7.207999	3.156923	-0.934428	-1.453644	-0.789474	-3.947368	0.947854	0.981708	0.993942	1.020886	1.033073	1.124551	1.222048	1.052056	10.580839
5.873318	5.932354	-0.343310	-1.662025	-0.789474	-3.815789	0.955225	0.966824	0.974074	0.982708	0.986562	1.032716	1.143510	0.192212	4.485363
8.836695	4.762971	-0.461531	-1.417744	-0.789474	-3.684211	0.631899	0.660787	0.677682	0.705692	0.720019	0.840435	1.002610	1.117480	7.075380
9.433266	6.711910	-0.290001	-1.409901	-0.789474	-3.552632	0.590090	0.621517	0.645309	0.666184	0.675494	0.747882	0.890052	1.036692	6.133049
6.156813	2.003647	-0.594811	-1.399187	-0.789474	-3.421053	0.640137	0.665797	0.681734	0.706435	0.718271	0.807345	1.013132	1.377326	6.072891
8.072341	4.988703	0.080254	-3.176660	-0.789474	-3.289474	0.256693	0.385363	0.435363	0.646661	0.717317	0.817230	0.905639	1.221610	155.414620
8.052244	3.127409	-0.058311	-1.389756	-0.789474	-3.157895	0.531595	0.559198	0.574192	0.597983	0.609757	0.702187	0.891825	1.441459	5.717165
3.971255	2.105067	-0.130347	-1.269011	-0.789474	-3.026316	0.243619	0.337840	0.423246	0.498315	0.628925	0.694221	0.761171	0.856399	178.177001
9.216781	3.244992	-0.232116	-1.717202	-0.789474	-2.894737	0.000000	0.196295	0.330993	0.433656	0.516630	0.586266	0.646264	0.698970	13540520607256626069504.000000
9.844863	5.969478	-0.146730	-2.602337	-0.789474	-2.763158	0.000000	0.196295	0.330993	0.433656	0.516630	0.586266	0.646264	0.698970	12964263529641311993856.000000
5.589119	2.766569	-0.239822	-0.891466	-0.789474	-2.631579	0.000000	0.196295	0.330993	0.433656	0.516630	0.586266	0.646264	0.698970	13453163861618666242048.000000
3.364588	2.936271	-0.048631	-0.740315	-0.789474	-2.500000	-0.907041	-0.904286	-0.903040	-0.901290	-0.900989	-0.892042	-0.868012	-0.815413	16.983217
9.658338	6.398497	-0.968367	-0.718911	-0.684211	-5.000000	1.346860	1.362762	1.367860	1.379391	1.384107	1.437919	1.536484	0.900014	36.383020
9.998933	7.055548	-0.966448	-0.520002	-0.684211	-4.868421	1.200942	1.222524	1.232043	1.243378	1.249142	1.318622	1.489449	0.960160	8.614300
8.945916	6.685231	-0.819150	-0.520032	-0.684211	-4.736842	1.197885	1.230578	1.248943	1.264783	1.273218	1.350414	1.457313	0.913416	5.373658
9.582163	7.325488	-0.999788	-1.061381	-0.684211	-4.605263	1.000608	1.040692	1.054155	1.072492	1.084116	1.185558	1.335541	0.913157	18.634265
9.640925	9.466984	-0.545284	-0.861476	-0.684211	-4.473684	1.044813	1.117479	1.134626	1.154927	1.166643	1.256764	1.348974	0.767768	9.019443
9.096949	5.793016	-1.000000	-1.713611	-0.684211	-4.342105	0.932188	0.974593	0.996291	1.062916	1.078348	1.199349	1.390219	0.933098	16.008073
8.659978	4.881242	-0.952376	-1.624127	-0.684211	-4.210526	0.976858	1.025686	1.044509	1.077858	1.095853	1.231345	1.360033	0.939167	12.846880
8.674128	4.298231	-0.893920	-1.562610	-0.684211	-4.078947	0.973029	1.010456	1.034655	1.063834	1.076088	1.155811	1.280285	0.962965	8.798947
7.333766	2.834824	-0.997262	-1.429349	-0.684211	-3.947368	0.911223	0.950600	0.966027	0.991438	1.002995	1.101685	1.211185	1.044232	7.089134
8.931631	3.345650	-0.796185	-1.334447	-0.684211	-3.815789	0.707900	0.733152	0.749033	0.780461	0.796745	0.923073	1.097941	1.160135	6.642901
9.049428	4.315589	-0.564142	-1.343578	-0.684211	-3.684211	0.623042	0.647737	0.664318	0.690392	0.702957	0.817595	1.013368	1.144147	5.474144
9.251451	6.441188	-0.299673	-1.420446	-0.684211	-3.552632	0.589875	0.622383	0.643164	0.666907	0.678496	0.760439	0.903626	1.024539	4.615631
7.120339	2.028111	-0.215757	-3.123897	-0.684211	-3.421053	0.756107	0.741544	0.749450	0.843422	0.871968	0.959349	1.082568	1.409686	110.286076
6.516173	2.085970	-0.333311	-1.464926	-0.684211	-3.289474	0.646038	0.671272	0.688861	0.720614	0.736202	0.827524	0.985606	1.423163	6.935174
4.172699	2.172105	-0.001185	-3.349064	-0.684211	-3.157895	-0.091571	0.382595	0.456729	0.521938	0.560789	0.867417	0.900881	1.117578	247.542734
3.261817	2.268905	0.165130	-3.046972	-0.684211	-3.026316	0.198869	0.189802	0.196789	0.221226	0.230420	0.511015	0.760490	1.134223	121.307713
5.144654	2.572692	-0.160359	-3.449661	-0.684211	-2.894737	0.000000	0.196295	0.330993	0.433656	0.516630	0.586266	0.646264	0.698970	13608966384861619159040.000000
8.315311	2.520453	-0.089968	-1.201667	-0.684211	-2.763158	0.000000	0.196295	0.330993	0.433656	0.516630	0.586266	0.646264	0.698970	14588766508371931037696.000000
3.492133	2.080252	-0.269452	-0.980584	-0.684211	-2.631579	0.000000	0.196295	0.330993	0.433656	0.516630	0.586266	0.646264	0.698970	15920701006014614339584.000000
3.523537	2.851131	-0.067714	-0.623233	-0.684211	-2.500000	-0.981469	-0.978691	-0.977293	-0.975656	-0.975261	-0.966261	-0.954326	-0.874979	20.238458
8.901939	9.487870	-0.150588	-1.526203	-0.578947	-5.000000	1.373986	1.342156	1.371223	1.384807	1.394488	1.441070	1.512798	0.719192	40.108679
9.333925	6.490292	-0.846012	-0.520001	-0.578947	-4.868421	1.290570	1.310559	1.320220	1.332200	1.355084	1.406000	1.523404	0.891182	6.651625
9.012428	6.796496	-0.753289	-0.520001	-0.578947	-4.736842	1.234682	1.274958	1.289656	1.306617	1.311246	1.363528	1.473804	0.876538	3.165145
9.604119	7.363226	-1.000000	-1.103327	-0.578947	-4.605263	1.012277	1.051650	1.067493	1.082661	1.089023	1.194321	1.340897	0.904461	16.466947
9.563272	9.481375	-0.585396	-1.293374	-0.578947	-4.473684	1.206313	1.275911	1.299955	1.313259	1.320635	1.378416	1.459411	0.699816	13.584197
7.530557	9.073325	-0.540474	-0.823504	-0.578947	-4.342105	0.558178	0.585879	0.603528	0.620242	0.628034	0.684663	0.750825	0.652721	6.900471
8.771113	4.764651	-0.954226	-1.673254	-0.578947	-4.210526	0.995212	1.053929	1.076284	1.114166	1.130868	1.248444	1.358397	0.897526	11.035930
8.381906	4.275195	-0.891292	-1.578735	-0.578947	-4.078947	0.991670	1.028731	1.047332	1.083668	1.097365	1.182296	1.296111	0.933571	7.103697
7.387202	2.858379	-0.999930	-1.423027	-0.578947	-3.947368	0.908380	0.947180	0.960606	0.990761	1.003672	1.103187	1.213056	1.011289	5.286609
9.107924	3.273820	-0.816110	-1.316417	-0.578947	-3.815789	0.702176	0.726019	0.743151	0.773127	0.787690	0.902212	1.085946	1.135093	5.095994
8.564041	2.458521	-0.827114	-1.299303	-0.578947	-3.684211	0.632927	0.656910	0.673940	0.700823	0.712599	0.822153	1.036380	1.233315	4.616465
9.507079	6.997706	-0.275927	-1.422365	-0.578947	-3.552632	0.585647	0.618855	0.638816	0.654735	0.662717	0.734501	0.893193	0.951819	2.854775
7.984273	2.069378	-0.522163	-1.406159	-0.578947	-3.421053	0.572043	0.603612	0.621711	0.648169	0.660067	0.779260	0.971210	1.422743	3.814627
3.303848	2.013098	0.012614	-3.373661	-0.578947	-3.289474	0.656107	0.640326	0.638125	0.689003	0.706865	0.783158	0.955528	0.989806	84.675872
7.593714	2.516489	-0.112847	-1.382086	-0.578947	-3.157895	0.550882	0.579213	0.596803	0.619076	0.627495	0.730543	0.924661	1.333856	4.488088
3.347556	2.051216	-0.032230	-1.793961	-0.578947	-3.026316	0.059684	0.381483	0.492229	0.622535	0.673773	0.747076	0.793503	1.029746	143.285705
8.367489	3.329153	-0.829289	-1.656906	-0.578947	-2.894737	0.000000	0.196295	0.330993	0.433656	0.516630	0.586266	0.646264	0.698970	13951135837693038034944.000000
9.144668	7.895734	-0.956224	-3.249198	-0.578947	-2.763158	0.000000	0.196295	0.330993	0.433656	0.516630	0.586266	0.646264	0.698970	15349521059727781396480.000000
3.484197	2.640932	-0.251247	-0.624473	-0.578947	-2.631579	-0.804483	-0.801519	-0.799713	-0.798613	-0.798133	-0.791090	-0.777385	0.084425	21.875839
6.132117	4.258924	-0.855139	-3.306353	-0.578947	-2.500000	0.000000	0.196295	0.330993	0.433656	0.516630	0.586266	0.646264	0.698970	14130841550239194677248.000000
7.405447	7.745924	-0.069431	-1.370384	-0.473684	-5.000000	1.424449	1.401947	1.404166	1.459721	1.465926	1.501632	1.615368	0.770040	43.356994
7.305946	7.736037	-0.029221	-1.401648	-0.473684	-4.868421	1.304772	1.304952	1.308718	1.320314	1.327531	1.359316	1.472127	0.735032	61.127407
9.502234	7.014830	-0.952521	-0.826898	-0.473684	-4.736842	1.089509	1.124295	1.144836	1.169028	1.182037	1.271166	1.468467	0.908315	7.461015
9.612003	9.434728	-0.666849	-0.529647	-0.473684	-4.605263	1.181264	1.208459	1.226121	1.248572	1.261509	1.319639	1.432032	0.817285	1.502759
8.406687	8.265555	-0.558299	-0.884107	-0.473684	-4.473684	1.208003	1.295420	1.307240	1.320163	1.328541	1.382355	1.443470	0.671870	8.651649
9.401689	9.489867	-0.556254	-1.571609	-0.473684	-4.342105	1.197511	1.253434	1.265092	1.278105	1.285834	1.327027	1.439642	0.617129	9.878626
8.756416	4.511368	-0.958909	-1.821139	-0.473684	-4.210526	1.011840	1.082573	1.114555	1.176653	1.214072	1.294657	1.370942	0.850868	9.045804
8.425770	4.545459	-0.850771	-1.627938	-0.473684	-4.078947	1.007030	1.043161	1.059177	1.086569	1.097800	1.196363	1.299364	0.872538	5.911441
5.864015	7.432341	-0.674371	-2.522238	-0.473684	-3.947368	0.088247	0.150908	0.178633	0.193648	0.206825	0.272350	0.282921	0.185085	11.537304
6.272490	2.462319	-0.964264	-1.401802	-0.473684	-3.815789	0.900514	0.925122	0.940356	0.960824	0.968097	1.058771	1.182049	1.000868	7.579351
8.716167	5.070495	-0.486458	-1.445983	-0.473684	-3.684211	0.638354	0.666728	0.684159	0.713633	0.728445	0.851122	1.040595	1.041360	3.585483
9.678968	7.128161	-0.272402	-1.439047	-0.473684	-3.552632	0.585047	0.616531	0.634301	0.657953	0.666020	0.732840	0.884911	0.935058	2.017949
9.917068	6.639996	-0.141500	-1.455602	-0.473684	-3.421053	0.546784	0.577576	0.588112	0.603082	0.610802	0.679412	0.849467	1.046553	1.219841
3.837659	2.234587	-0.071536	-2.241586	-0.473684	-3.289474	0.776451	0.774380	0.778156	0.801054	0.817482	0.877281	1.024159	0.944995	56.392412
8.242361	3.262948	-0.019011	-1.428158	-0.473684	-3.157895	0.530748	0.559500	0.576050	0.597436	0.605466	0.698333	0.895683	1.210862	4.682854
3.113138	2.502880	-0.013411	-1.489556	-0.473684	-3.026316	0.433898	0.436189	0.441107	0.463164	0.473288	0.534317	0.666906	0.714369	28.804292
3.891049	3.072610	-0.342723	-2.437786	-0.473684	-2.894737	0.000000	0.196295	0.330993	0.433656	0.516630	0.586266	0.646264	0.698970	14829099447057901420544.000000
5.103013	3.941380	-0.968316	-0.808462	-0.473684	-2.763158	0.000000	0.196295	0.330993	0.433656	0.516630	0.586266	0.646264	0.698970	13785004154547723042816.000000
5.812055	4.838028	-0.032819	-0.748980	-0.473684	-2.631579	-0.016822	0.182316	0.315301	0.404509	0.465057	0.539661	0.634450	0.702682	8490.009490
7.758874	4.693044	-0.217711	-1.343622	-0.473684	-2.500000	0.000000	0.196295	0.330993	0.433656	0.516630	0.586266	0.646264	0.698970	14027166904392041365504.000000
8.998177	2.520024	-0.033792	-2.778083	-0.368421	-5.000000	1.282967	1.282668	1.284928	1.293003	1.295036	1.314920	1.369719	0.755014	62.085502
9.996947	7.667309	-0.902731	-0.924020	-0.368421	-4.868421	1.194896	1.213108	1.223279	1.231705	1.237723	1.338749	1.526374	0.888604	3.723827
9.999180	7.854772	-0.912951	-0.981410	-0.368421	-4.736842	1.081313	1.113854	1.134226	1.157492	1.165469	1.281189	1.491880	0.880730	4.389876
9.995664	9.305004	-0.569154	-0.594184	-0.368421	-4.605263	1.116160	1.172390	1.189146	1.209496	1.221852	1.293472	1.405495	0.816566	2.204925
8.489711	8.380341	-0.553993	-0.897556	-0.368421	-4.473684	1.203464	1.283142	1.300724	1.316529	1.324751	1.377994	1.444493	0.647746	6.678052
9.400570	9.471722	-0.552506	-1.615800	-0.368421	-4.342105	1.195003	1.259140	1.267769	1.282943	1.291033	1.335083	1.441884	0.610193	7.243769
6.970567	8.393346	-0.526299	-0.982770	-0.368421	-4.210526	0.347095	0.413666	0.428001	0.444945	0.453267	0.519220	0.614949	0.570591	1.948266
8.314499	4.476673	-0.855155	-1.648466	-0.368421	-4.078947	1.017894	1.051726	1.070418	1.095280	1.105474	1.198406	1.305293	0.860723	5.015676
7.479572	2.931838	-0.999993	-1.408801	-0.368421	-3.947368	0.906848	0.943909	0.961545	0.982976	0.992414	1.089951	1.213696	0.928095	2.880828
10.000000	5.959624	-0.500577	-1.563627	-0.368421	-3.815789	0.671000	0.698874	0.716639	0.741617	0.753921	0.866719	1.020910	0.920554	3.123327
10.000000	6.287578	-0.395077	-1.519858	-0.368421	-3.684211	0.613899	0.646368	0.666483	0.692348	0.702501	0.811478	0.952707	0.945088	1.906332
9.360028	5.799080	-0.301756	-1.519780	-0.368421	-3.552632	0.604357	0.637732	0.655263	0.682859	0.694245	0.770852	0.940939	1.006012	1.887037
9.647639	6.557445	-0.145240	-1.461905	-0.368421	-3.421053	0.546170	0.576685	0.588302	0.603235	0.610153	0.674487	0.860156	1.005062	1.556048
7.487302	3.058610	-0.269164	-1.373337	-0.368421	-3.289474	0.606947	0.633593	0.651171	0.673290	0.683335	0.799098	0.976937	1.148719	3.935825
8.007674	2.740660	0.072537	-1.514866	-0.368421	-3.157895	0.545191	0.572283	0.586488	0.605383	0.612823	0.697304	0.881443	1.089528	5.586242
3.468303	2.286157	0.075952	-2.513233	-0.368421	-3.026316	-0.005231	0.348601	0.391674	0.484483	0.576835	0.661686	0.761763	0.993881	171.480045
8.878955	8.084945	-0.569730	-1.994702	-0.368421	-2.894737	0.000000	0.196295	0.330993	0.433656	0.516630	0.586266	0.646264	0.698970	15050196657346604695552.000000
8.485942	2.241721	-0.155804	-0.715159	-0.368421	-2.763158	-0.081304	-0.039597	-0.031703	-0.037663	-0.039478	0.040863	0.307632	1.176594	155.633458
5.531375	4.527518	-0.955956	-2.089082	-0.368421	-2.631579	0.000000	0.196295	0.330993	0.433656	0.516630	0.586266	0.646264	0.698970	14392948364063581143040.000000
4.633783	3.344221	-0.396848	-1.088397	-0.368421	-2.500000	0.000000	0.196295	0.330993	0.433656	0.516630	0.586266	0.646264	0.698970	13034192470267639365632.000000
7.705007	6.123664	-0.971633	-1.111407	-0.263158	-5.000000	1.361612	1.395671	1.409505	1.443943	1.452485	1.586361	1.701570	0.775389	9.475552
9.999961	7.500425	-0.981134	-1.535108	-0.263158	-4.868421	1.203397	1.220559	1.234425	1.253515	1.260793	1.364802	1.531442	0.822711	2.927719
9.744989	8.089250	-0.777853	-1.165575	-0.263158	-4.736842	1.145250	1.185638	1.210724	1.243331	1.256828	1.358543	1.522827	0.811180	2.228795
10.000000	9.328075	-0.571543	-0.611054	-0.263158	-4.605263	1.111639	1.172915	1.189175	1.208948	1.220586	1.293667	1.410668	0.796030	1.235619
8.309449	5.898830	-0.999999	-1.672243	-0.263158	-4.473684	1.031887	1.068677	1.088929	1.117642	1.136389	1.245585	1.442240	0.811693	6.350546
8.337906	5.260379	-1.000000	-1.816154	-0.263158	-4.342105	0.972492	1.014261	1.038955	1.074040	1.100662	1.276385	1.432947	0.834790	4.743439
7.688326	4.280663	-0.998399	-1.741097	-0.263158	-4.210526	1.002325	1.047342	1.086073	1.151609	1.187772	1.326851	1.409477	0.824759	5.381332
8.280113	4.638239	-0.798390	-1.629301	-0.263158	-4.078947	1.010720	1.041862	1.061440	1.083383	1.094082	1.190035	1.293346	0.807765	3.115936
7.363755	2.959191	-0.999994	-1.404700	-0.263158	-3.947368	0.926248	0.956316	0.971700	0.993498	1.003189	1.105831	1.223394	0.780192	2.304416
10.000000	6.962887	-0.467858	-1.626162	-0.263158	-3.815789	0.706662	0.738831	0.758727	0.785893	0.799354	0.892136	1.025525	0.762677	1.881485
9.978345	7.243335	-0.370349	-1.568380	-0.263158	-3.684211	0.651393	0.683727	0.704686	0.730111	0.742507	0.814604	0.962668	0.778235	1.495369
9.417631	7.527660	-0.249263	-1.424208	-0.263158	-3.552632	0.594020	0.624606	0.637214	0.652205	0.660403	0.725137	0.921656	0.785464	0.976723
6.430417	2.059389	-0.345592	-1.319158	-0.263158	-3.421053	0.605479	0.631910	0.652246	0.680765	0.690373	0.795537	0.978153	0.900257	8.666722
8.715549	3.737767	-0.086420	-1.481913	-0.263158	-3.289474	0.576691	0.599935	0.612351	0.630650	0.638209	0.723515	0.927443	0.834907	6.303441
4.136442	2.066135	-0.039510	-2.964322	-0.263158	-3.157895	0.508442	0.495712	0.527011	0.593264	0.738827	0.808186	0.904936	0.866549	127.202396
4.184599	2.017248	-0.092291	-2.480215	-0.263158	-3.026316	0.103666	0.245157	0.369909	0.492173	0.578988	0.647952	0.687704	0.825545	232.973173
3.390072	2.822165	-0.881554	-2.355635	-0.263158	-2.894737	0.000000	0.196295	0.330993	0.433656	0.516630	0.586266	0.646264	0.698970	13791683230827202740224.000000
9.768334	9.110618	-0.253927	-2.236442	-0.263158	-2.763158	0.000000	0.196295	0.330993	0.433656	0.516630	0.586266	0.646264	0.698970	15954702739637092220928.000000
7.442715	5.321481	-0.822525	-3.035450	-0.263158	-2.631579	0.000000	0.196295	0.330993	0.433656	0.516630	0.586266	0.646264	0.698970	13789356580606750752768.000000
5.579135	3.710128	-0.936566	-1.321675	-0.263158	-2.500000	0.000000	0.196295	0.330993	0.433656	0.516630	0.586266	0.646264	0.698970	14543141001105896374272.000000
8.198497	6.595371	-0.933450	-3.104897	-0.157895	-5.000000	1.321636	1.370682	1.404120	1.445753	1.468232	1.574876	1.702454	0.751175	2.183254
9.829961	7.277426	-1.000000	-2.590578	-0.157895	-4.868421	1.228365	1.244317	1.262039	1.281829	1.287560	1.394619	1.555494	0.767542	3.015198
7.985197	6.417433	-0.851927	-1.282462	-0.157895	-4.736842	1.235564	1.263730	1.281737	1.302142	1.309565	1.409949	1.571172	0.722536	2.274899
9.683879	8.351525	-0.698554	-1.479634	-0.157895	-4.605263	1.146984	1.189996	1.219017	1.263850	1.271047	1.376930	1.491926	0.741816	2.588133
10.000000	8.396220	-0.704263	-1.678749	-0.157895	-4.473684	1.061713	1.108366	1.137396	1.173460	1.188086	1.319322	1.436333	0.732598	2.802737
7.949681	5.257834	-0.830899	-1.413060	-0.157895	-4.342105	1.034709	1.063043	1.083557	1.111802	1.125168	1.252542	1.396277	0.711074	4.650246
8.410572	4.985171	-0.922475	-1.941513	-0.157895	-4.210526	0.994515	1.065032	1.108210	1.168869	1.200834	1.315006	1.396003	0.714879	3.044870
8.915951	5.482478	-0.727867	-1.733084	-0.157895	-4.078947	0.986841	1.016139	1.032921	1.055718	1.066388	1.166828	1.282360	0.714035	2.189612
8.761167	7.349736	-0.542071	-1.814003	-0.157895	-3.947368	0.945630	0.979782	0.998614	1.022712	1.037380	1.121418	1.241119	0.643494	1.337743
8.966027	7.531762	-0.403453	-1.538070	-0.157895	-3.815789	0.749723	0.785065	0.811159	0.846257	0.866545	0.964998	1.090688	0.660029	1.661209
9.877258	8.195595	-0.349638	-1.476397	-0.157895	-3.684211	0.675818	0.713084	0.732174	0.747236	0.755837	0.818951	0.984285	0.659884	1.053381
9.444125	7.561369	-0.248903	-1.415005	-0.157895	-3.552632	0.596676	0.620225	0.632169	0.647182	0.655513	0.718493	0.926929	0.688640	1.364142
6.862550	2.017711	-0.309793	-2.542759	-0.157895	-3.421053	0.792570	0.786644	0.791855	0.832043	0.847334	0.951554	1.106178	0.719886	50.502274
8.110706	6.240351	-0.080103	-1.377822	-0.157895	-3.289474	0.459983	0.475403	0.486198	0.501119	0.505745	0.578705	0.756946	0.772387	4.131257
3.104296	2.347462	-0.028635	-3.244333	-0.157895	-3.157895	0.401482	0.464557	0.490410	0.610219	0.717550	0.771863	0.878205	0.716035	92.851904
3.139304	2.632834	-0.074334	-1.339200	-0.157895	-3.026316	0.466361	0.477750	0.487438	0.503555	0.511860	0.566317	0.660572	0.513601	9.212532
6.422072	2.546386	-0.609633	-1.459530	-0.157895	-2.894737	0.000000	0.196295	0.330993	0.433656	0.516630	0.586266	0.646264	0.698970	13411741148980185137152.000000
8.795547	5.721764	-0.987818	-3.068923	-0.157895	-2.763158	0.000000	0.196295	0.330993	0.433656	0.516630	0.586266	0.646264	0.698970	12619961127090041913344.000000
5.966630	4.165230	-0.640432	-2.499077	-0.157895	-2.631579	0.000000	0.196295	0.330993	0.433656	0.516630	0.586266	0.646264	0.698970	14202378889864656453632.000000
9.604756	8.701515	-0.295046	-0.885282	-0.157895	-2.500000	0.000000	0.196295	0.330993	0.433656	0.516630	0.586266	0.646264	0.698970	14519797703692437684224.000000
8.527948	8.284445	-0.765730	-1.346244	-0.052632	-5.000000	1.564958	1.598313	1.620777	1.648795	1.664458	1.718948	1.807994	0.615736	1.771737
9.097064	8.974609	-0.626661	-1.601704	-0.052632	-4.868421	1.528952	1.537535	1.544412	1.553868	1.558544	1.601296	1.718617	0.647995	2.392600
9.201041	8.065289	-0.690546	-3.488233	-0.052632	-4.736842	1.252500	1.284205	1.303326	1.326815	1.334359	1.457168	1.594642	0.690431	2.506518
9.571617	9.093831	-0.561051	-0.823955	-0.052632	-4.605263	1.146679	1.217032	1.248400	1.268923	1.279527	1.346175	1.476819	0.661691	1.876483
9.515861	8.640081	-0.639846	-1.608094	-0.052632	-4.473684	1.178295	1.227552	1.255379	1.287981	1.295016	1.357040	1.474324	0.672129	2.284382
9.949601	8.706643	-0.586671	-1.855207	-0.052632	-4.342105	1.069592	1.124420	1.155238	1.186782	1.201951	1.290273	1.401687	0.644489	2.137354
9.999663	8.448127	-0.639113	-1.987324	-0.052632	-4.210526	1.027117	1.102865	1.142640	1.185654	1.195243	1.261825	1.363625	0.589303	1.863248
8.628314	7.175337	-0.529675	-1.721422	-0.052632	-4.078947	1.022463	1.068665	1.093381	1.109059	1.116638	1.177506	1.288573	0.554037	1.316933
6.299437	5.517667	-0.589857	-1.971616	-0.052632	-3.947368	1.107620	1.136716	1.153706	1.171322	1.177908	1.242392	1.364699	0.501128	1.253545
9.997877	8.639691	-0.425514	-1.560912	-0.052632	-3.815789	0.806885	0.836793	0.856602	0.871399	0.878872	0.942433	1.063129	0.579509	1.345174
3.167152	2.836401	-0.719146	-1.655920	-0.052632	-3.684211	1.108259	1.137828	1.154727	1.174531	1.184116	1.245829	1.374020	0.503762	1.428311
8.839590	7.247659	-0.261971	-1.414002	-0.052632	-3.552632	0.606685	0.629549	0.641900	0.657478	0.665833	0.734480	0.943734	0.579055	2.171799
6.549282	2.703515	-0.339696	-1.383365	-0.052632	-3.421053	0.668415	0.696376	0.710012	0.729500	0.736533	0.814802	0.989057	0.647908	7.675270
3.053048	2.009411	-0.201526	-2.735141	-0.052632	-3.289474	0.882392	0.889012	0.897351	0.925094	0.937854	1.010596	1.157397	0.320191	27.680637
3.242795	2.469477	-0.028326	-3.020023	-0.052632	-3.157895	0.443904	0.451623	0.479735	0.527414	0.691326	0.744231	0.861269	0.597304	89.109777
3.157827	2.452283	0.121776	-3.455335	-0.052632	-3.026316	0.315875	0.315870	0.317601	0.341120	0.351994	0.420662	0.691333	0.622825	86.841604
3.051148	2.007654	0.023939	-1.242767	-0.052632	-2.894737	0.384307	0.414214	0.435020	0.459010	0.468343	0.593967	0.765898	0.576006	11.776955
3.864701	2.115779	-0.630542	-3.441503	-0.052632	-2.763158	0.000000	0.196295	0.330993	0.433656	0.516630	0.586266	0.646264	0.698970	14108302037573529763840.000000
6.591106	3.684369	-0.465255	-0.952711	-0.052632	-2.631579	0.000000	0.196295	0.330993	0.433656	0.516630	0.586266	0.646264	0.698970	14174627648757408202752.000000
4.705589	2.388642	-0.066866	-1.292789	-0.052632	-2.500000	0.000000	0.196295	0.330993	0.433656	0.516630	0.586266	0.646264	0.698970	14291124374393313034240.000000
6.963164	6.393042	-0.921829	-1.099290	0.052632	-5.000000	1.478585	1.519514	1.545774	1.581058	1.595222	1.748529	1.853118	0.494861	1.236191
5.857552	5.669114	-0.846898	-3.005532	0.052632	-4.868421	1.506858	1.543211	1.563059	1.594392	1.607968	1.683392	1.900637	0.519933	2.558389
8.542071	8.139243	-0.617354	-3.519550	0.052632	-4.736842	1.366974	1.403039	1.423636	1.448488	1.459650	1.562349	1.689633	0.595906	1.862383
7.509792	7.252979	-0.604016	-0.591889	0.052632	-4.605263	1.358335	1.376638	1.383957	1.393309	1.397097	1.458227	1.582832	0.593318	1.376507
7.836396	7.843608	-0.516526	-1.178440	0.052632	-4.473684	1.258016	1.320293	1.370045	1.395989	1.404082	1.460639	1.572107	0.527074	2.691053
9.753865	7.223190	-0.731047	-1.752487	0.052632	-4.342105	1.044673	1.089233	1.119196	1.158134	1.173303	1.259287	1.380427	0.543002	2.125146
8.814069	6.464542	-0.660334	-1.782762	0.052632	-4.210526	1.062122	1.113035	1.143071	1.161371	1.169458	1.228429	1.352057	0.518809	1.742704
9.980478	8.023703	-0.527635	-1.846251	0.052632	-4.078947	1.007284	1.046465	1.070200	1.083108	1.090467	1.142778	1.253582	0.484304	1.023337
5.718413	4.963612	-0.551513	-1.699580	0.052632	-3.947368	1.099958	1.134093	1.150086	1.165583	1.171182	1.226336	1.359425	0.405233	1.250644
3.405063	3.150778	-0.670926	-1.751257	0.052632	-3.815789	1.191622	1.227650	1.245402	1.258562	1.266177	1.321668	1.446018	0.418669	1.258827
3.634230	3.004945	-0.577309	-1.537759	0.052632	-3.684211	1.016975	1.045321	1.062825	1.085380	1.093575	1.159168	1.301153	0.396350	2.887700
9.527047	7.464330	-0.259943	-1.387675	0.052632	-3.552632	0.595550	0.618561	0.631299	0.646247	0.652831	0.713267	0.926863	0.463634	1.909350
5.041042	2.245671	-0.390773	-2.099571	0.052632	-3.421053	0.805284	0.810946	0.817890	0.847691	0.857602	0.938917	1.107708	0.402041	27.712192
3.144210	2.000000	-0.038963	-1.413138	0.052632	-3.289474	0.595930	0.626538	0.646317	0.672573	0.679627	0.781362	0.935688	0.428063	4.391132
9.936535	3.863370	0.077071	-1.495393	0.052632	-3.157895	0.513717	0.534286	0.547119	0.563890	0.570109	0.647828	0.848464	0.542407	7.728486
4.438978	3.251592	-0.558458	-3.376492	0.052632	-3.026316	0.000000	0.196295	0.330993	0.433656	0.516630	0.586266	0.646264	0.698970	13586933918648600887296.000000
9.270980	6.236807	-0.417950	-2.567216	0.052632	-2.894737	0.000000	0.196295	0.330993	0.433656	0.516630	0.586266	0.646264	0.698970	14883905607657540550656.000000
9.440646	6.520932	-0.426731	-0.978030	0.052632	-2.763158	0.000000	0.196295	0.330993	0.433656	0.516630	0.586266	0.646264	0.698970	13674902212278745038848.000000
5.022388	2.633781	-0.373604	-2.768972	0.052632	-2.631579	0.000000	0.196295	0.330993	0.433656	0.516630	0.586266	0.646264	0.698970	13703907707679854821376.000000
8.001046	3.630596	-0.751908	-3.257645	0.052632	-2.500000	0.000000	0.196295	0.330993	0.433656	0.516630	0.586266	0.646264	0.698970	15058763645247660490752.000000
7.587559	7.693868	-0.736547	-2.295462	0.157895	-5.000000	1.628280	1.673737	1.700770	1.731316	1.744345	1.835039	1.951913	0.494962	2.631730
6.238559	6.343890	-0.701045	-3.516868	0.157895	-4.868421	1.560932	1.608120	1.634044	1.662331	1.673809	1.778541	1.897386	0.481218	1.447241
7.770900	7.687301	-0.672021	-0.647858	0.157895	-4.736842	1.484979	1.499634	1.506912	1.516741	1.521624	1.566608	1.683962	0.501255	4.601493
7.182825	6.681509	-0.608657	-3.512990	0.157895	-4.605263	1.333926	1.354549	1.369714	1.397372	1.405930	1.526234	1.665477	0.483254	2.151248
7.129457	7.450759	-0.500904	-1.059578	0.157895	-4.473684	1.256365	1.320496	1.383428	1.434881	1.441931	1.500631	1.614670	0.444711	2.239374
7.844384	8.274591	-0.446864	-1.116184	0.157895	-4.342105	1.117370	1.190714	1.208565	1.230034	1.243558	1.337928	1.475381	0.456050	1.664050
8.100229	8.712255	-0.418217	-1.347613	0.157895	-4.210526	1.061290	1.098231	1.115368	1.136320	1.150712	1.247234	1.400170	0.405744	1.651019
7.048574	6.201077	-0.508151	-1.650365	0.157895	-4.078947	1.076762	1.132778	1.167103	1.188680	1.196844	1.255411	1.364961	0.371851	1.559719
3.079360	2.912676	-0.770292	-1.682002	0.157895	-3.947368	1.281718	1.312611	1.323828	1.339241	1.347218	1.415072	1.551934	0.346685	1.471473
9.999927	7.379002	-0.416966	-1.606454	0.157895	-3.815789	0.729026	0.762843	0.786079	0.811176	0.818954	0.873637	1.042450	0.383245	2.479610
3.006267	2.943777	-0.594796	-1.695483	0.157895	-3.684211	1.085964	1.118726	1.132535	1.148541	1.156475	1.223814	1.357043	0.261560	1.341397
9.310048	7.284059	-0.265264	-1.383177	0.157895	-3.552632	0.604738	0.626914	0.637319	0.650535	0.656537	0.716999	0.939185	0.344721	2.703736
9.892198	5.497758	-0.130786	-1.645799	0.157895	-3.421053	0.623046	0.645771	0.659459	0.677100	0.684292	0.766418	0.956576	0.345501	5.573909
3.424328	2.000001	-0.217202	-2.121098	0.157895	-3.289474	0.794985	0.806580	0.816201	0.844978	0.857837	0.935000	1.128603	0.151258	20.503470
3.850088	2.281039	-0.171073	-3.278950	0.157895	-3.157895	0.421850	0.468019	0.509519	0.532792	0.549626	0.653147	0.828776	0.459182	162.905954
3.277450	2.851375	0.085776	-1.555556	0.157895	-3.026316	0.253577	0.270263	0.278822	0.289216	0.293929	0.345481	0.454664	0.267728	3.594630
8.455635	7.365241	-0.518036	-2.143538	0.157895	-2.894737	0.000000	0.196295	0.330993	0.433656	0.516630	0.586266	0.646264	0.698970	14508662458245869207552.000000
8.894471	2.193791	-0.961823	-0.976981	0.157895	-2.763158	0.000000	0.196295	0.330993	0.433656	0.516630	0.586266	0.646264	0.698970	13518404336974984904704.000000
6.185887	3.702169	-0.879719	-3.036318	0.157895	-2.631579	0.000000	0.196295	0.330993	0.433656	0.516630	0.586266	0.646264	0.698970	14071702099386509033472.000000
5.399065	4.587341	-0.626519	-0.861636	0.157895	-2.500000	0.000000	0.196295	0.330993	0.433656	0.516630	0.586266	0.646264	0.698970	14712483252392393965568.000000
5.932290	6.131258	-0.762101	-0.974895	0.263158	-5.000000	1.658812	1.697934	1.725849	1.765046	1.793754	1.867056	1.979849	0.303000	2.400336
5.724092	6.100492	-0.731157	-2.714275	0.263158	-4.868421	1.622532	1.667320	1.693553	1.723037	1.734777	1.907275	1.999979	0.399942	2.459360
6.580376	6.939747	-0.671283	-0.639669	0.263158	-4.736842	1.530419	1.565319	1.584881	1.612881	1.616539	1.655037	1.736824	0.419798	2.397098
6.144020	6.669589	-0.575762	-1.558107	0.263158	-4.605263	1.551980	1.573216	1.586321	1.601210	1.604581	1.663978	1.779327	0.379139	2.403182
6.304282	6.357781	-0.500359	-3.519933	0.263158	-4.473684	1.339779	1.394808	1.427194	1.459936	1.476063	1.539868	1.666032	0.363668	2.993897
7.236688	7.823807	-0.450226	-1.130292	0.263158	-4.342105	1.167428	1.252349	1.270297	1.292020	1.305694	1.401464	1.517561	0.369817	2.427366
6.215892	6.820296	-0.500477	-1.437083	0.263158	-4.210526	1.221905	1.292144	1.341264	1.363114	1.378716	1.438520	1.528071	0.290583	1.556059
6.320757	4.707910	-0.636176	-1.392867	0.263158	-4.078947	1.075938	1.126677	1.149712	1.163517	1.171103	1.239388	1.368241	0.321224	1.949956
3.000001	3.011798	-0.755148	-1.787353	0.263158	-3.947368	1.298291	1.331431	1.342928	1.357653	1.365268	1.430669	1.562077	0.257743	1.645747
3.331884	3.425231	-0.608465	-1.852338	0.263158	-3.815789	1.196243	1.234276	1.255217	1.271948	1.280057	1.342158	1.461574	0.214761	1.462077
4.268220	2.970710	-0.651241	-1.517147	0.263158	-3.684211	0.951359	0.982138	0.997671	1.009411	1.015028	1.077233	1.220982	0.241172	3.993361
3.931433	2.330853	-0.674444	-1.379755	0.263158	-3.552632	0.884104	0.908969	0.920854	0.932489	0.936904	0.996135	1.142929	0.231723	5.682681
6.135021	5.335251	-0.232976	-1.422176	0.263158	-3.421053	0.630329	0.659810	0.671131	0.687887	0.694756	0.763238	0.964394	0.254484	4.860958
5.543289	4.642678	-0.163254	-1.360127	0.263158	-3.289474	0.569472	0.589745	0.601048	0.617075	0.622919	0.697726	0.852398	0.243169	8.028376
9.511848	2.496479	0.162257	-1.465769	0.263158	-3.157895	0.506645	0.527137	0.539746	0.555558	0.561755	0.640949	0.818099	0.317933	8.309983
4.171428	2.086803	-0.088366	-2.757551	0.263158	-3.026316	0.087864	0.239924	0.381471	0.486724	0.585622	0.643858	0.687650	0.486785	216.070346
7.566313	2.637801	-0.270465	-2.597077	0.263158	-2.894737	0.000000	0.196295	0.330993	0.433656	0.516630	0.586266	0.646264	0.698970	14971290851305813180416.000000
8.424586	3.374364	-0.045915	-1.440694	0.263158	-2.763158	0.000000	0.196295	0.330993	0.433656	0.516630	0.586266	0.646264	0.698970	13434071939292533358592.000000
4.319331	3.271693	0.065365	-0.791368	0.263158	-2.631579	-0.043450	0.166905	0.303078	0.367301	0.423682	0.501915	0.620414	0.710035	6543.038667
5.919783	2.610444	-0.897642	-1.694806	0.263158	-2.500000	0.000000	0.196295	0.330993	0.433656	0.516630	0.586266	0.646264	0.698970	14174153673981883842560.000000
6.143105	6.550772	-0.729058	-0.667565	0.368421	-5.000000	1.700816	1.740773	1.761190	1.788861	1.810267	1.851372	1.938538	0.257868	3.973882
6.140248	7.065136	-0.550774	-3.169371	0.368421	-4.868421	1.631984	1.659946	1.678206	1.707927	1.737212	1.814741	1.903194	0.303020	2.923836
6.973768	7.456270	-0.667699	-0.646707	0.368421	-4.736842	1.505196	1.547060	1.565694	1.587868	1.592787	1.636201	1.717240	0.351335	4.950122
7.910519	8.521120	-0.641724	-0.645493	0.368421	-4.605263	1.249901	1.331726	1.342953	1.359580	1.366871	1.442029	1.548066	0.408583	5.365087
5.939271	6.635907	-0.503927	-0.936084	0.368421	-4.473684	1.394652	1.435288	1.462343	1.489082	1.497520	1.547705	1.616933	0.300617	3.664684
3.000000	3.102656	-0.993024	-3.520000	0.368421	-4.342105	1.550259	1.581940	1.600666	1.624954	1.637471	1.726142	1.815760	0.152339	3.972486
5.540952	5.489867	-0.259265	-0.942765	0.368421	-4.210526	1.182759	1.199881	1.212631	1.228536	1.234739	1.279247	1.367826	0.230396	2.855477
5.675145	6.148845	-0.442999	-1.748911	0.368421	-4.078947	1.215223	1.292501	1.322068	1.335852	1.341731	1.397683	1.476267	0.188894	1.976356
3.003696	3.173055	-0.734960	-1.944216	0.368421	-3.947368	1.313573	1.351273	1.365469	1.380270	1.389125	1.452743	1.577368	0.149292	2.008779
3.361923	3.647202	-0.584217	-2.338040	0.368421	-3.815789	1.213186	1.254367	1.277601	1.302930	1.311402	1.371248	1.477283	0.056501	1.396467
3.193017	3.504809	-0.493047	-1.895106	0.368421	-3.684211	1.013246	1.050333	1.071754	1.094467	1.103165	1.173721	1.317832	-0.054460	1.064411
3.000925	2.996984	-0.490106	-1.775596	0.368421	-3.552632	0.972615	0.993009	1.005572	1.020394	1.027290	1.097122	1.256034	-0.049695	4.293097
6.772200	6.012169	0.085215	-1.462374	0.368421	-3.421053	0.285857	0.293824	0.297813	0.303867	0.305651	0.345763	0.483556	-0.050421	4.373214
4.927149	4.219122	0.109571	-1.401424	0.368421	-3.289474	0.286051	0.298252	0.305122	0.310243	0.312742	0.338644	0.460676	-0.069768	3.952564
3.637316	2.182539	-0.032948	-3.479161	0.368421	-3.157895	0.702082	0.499816	0.543663	0.722109	0.723748	0.797840	0.924689	0.057896	99.550210
4.914114	2.403662	0.217377	-3.175906	0.368421	-3.026316	0.378856	0.382163	0.416169	0.429378	0.438822	0.642318	0.907151	0.281820	221.006204
6.813685	6.087961	-0.909244	-3.058714	0.368421	-2.894737	0.000000	0.196295	0.330993	0.433656	0.516630	0.586266	0.646264	0.698970	13516379082139304460288.000000
9.039395	4.163100	-0.135722	-1.257969	0.368421	-2.763158	0.000000	0.196295	0.330993	0.433656	0.516630	0.586266	0.646264	0.698970	13793125261029788352512.000000
9.252833	2.703585	-0.305018	-1.020610	0.368421	-2.631579	0.000000	0.196295	0.330993	0.433656	0.516630	0.586266	0.646264	0.698970	14351072413935028142080.000000
4.663806	2.904571	-0.852303	-2.601861	0.368421	-2.500000	0.000000	0.196295	0.330993	0.433656	0.516630	0.586266	0.646264	0.698970	13484817194492511649792.000000
5.699853	5.762134	-0.686246	-3.290270	0.473684	-5.000000	1.667717	1.705281	1.742398	1.791109	1.817864	1.892716	1.999891	0.181273	4.529332
6.209697	7.394463	-0.559304	-2.689694	0.473684	-4.868421	1.525203	1.593628	1.634814	1.688286	1.709117	1.782739	1.908706	0.268674	3.195903
6.320280	7.542553	-0.532521	-1.595247	0.473684	-4.736842	1.333484	1.396832	1.430199	1.495380	1.524660	1.687696	1.734857	0.234968	3.401610
4.819692	5.786709	-0.815764	-1.984910	0.473684	-4.605263	1.586266	1.617210	1.636085	1.669410	1.675843	1.745910	1.904901	0.243202	4.981987
5.983219	6.884462	-0.586845	-0.826725	0.473684	-4.473684	1.101279	1.116995	1.265326	1.363424	1.371816	1.490150	1.584283	0.276586	3.017863
8.067257	9.097230	-0.485925	-0.881389	0.473684	-4.342105	0.855183	0.874368	0.890960	0.911789	0.921995	1.099110	1.301388	0.337320	1.847716
6.020816	5.662126	-0.233314	-0.994402	0.473684	-4.210526	1.132595	1.151349	1.162567	1.167391	1.168653	1.217236	1.315894	0.148365	2.227212
9.996023	3.853675	-0.063882	-0.613586	0.473684	-4.078947	0.523878	0.537033	0.540970	0.549986	0.553821	0.595469	0.727476	0.127297	3.517999
4.869563	5.219885	-0.395242	-1.747153	0.473684	-3.947368	0.901757	0.949653	0.985766	1.030404	1.057141	1.177970	1.315944	0.115942	1.876493
4.562899	4.710916	-0.318373	-1.590289	0.473684	-3.815789	0.774298	0.797103	0.811172	0.832981	0.844242	0.954502	1.097738	0.049776	1.632349
3.128909	2.936148	-0.410103	-1.363035	0.473684	-3.684211	0.969143	1.001334	1.015509	1.033364	1.043422	1.126431	1.277161	-0.067938	2.794704
4.182196	2.703179	-0.661430	-1.446101	0.473684	-3.552632	0.877194	0.909836	0.925487	0.945353	0.952185	1.015340	1.167216	0.000997	6.751984
6.394699	5.479605	-0.215939	-1.463688	0.473684	-3.421053	0.625242	0.653643	0.663843	0.678148	0.683025	0.751074	0.965635	0.094852	5.361930
3.065116	2.197317	-0.029861	-1.387171	0.473684	-3.289474	0.502244	0.529657	0.549762	0.579708	0.588814	0.686428	0.849230	-0.016242	4.635487
9.890403	2.980676	0.136743	-1.481777	0.473684	-3.157895	0.493422	0.514177	0.526466	0.542576	0.547900	0.626454	0.801491	0.170484	7.922542
3.253791	2.151605	-0.069903	-1.619441	0.473684	-3.026316	0.407315	0.442666	0.525750	0.585707	0.604375	0.690376	0.815269	0.049551	65.920971
4.840140	3.002961	-0.867607	-2.077608	0.473684	-2.894737	0.000000	0.196295	0.330993	0.433656	0.516630	0.586266	0.646264	0.698970	14633383171491006251008.000000
5.628748	3.455871	-0.186522	-1.344720	0.473684	-2.763158	0.000000	0.196295	0.330993	0.433656	0.516630	0.586266	0.646264	0.698970	13182190279597534216192.000000
8.650522	2.581984	-0.620808	-0.984114	0.473684	-2.631579	0.000000	0.196295	0.330993	0.433656	0.516630	0.586266	0.646264	0.698970	14129042670118431096832.000000
7.428284	3.740204	-0.995997	-1.719526	0.473684	-2.500000	0.000000	0.196295	0.330993	0.433656	0.516630	0.586266	0.646264	0.698970	13477971282567146504192.000000
5.906459	6.805945	-0.577882	-1.335337	0.578947	-5.000000	1.765750	1.801701	1.826451	1.852015	1.863278	1.911098	2.000000	0.116929	3.700388
5.907489	7.081687	-0.586905	-1.533247	0.578947	-4.868421	1.551682	1.611820	1.655395	1.698666	1.725620	1.810019	1.921312	0.199418	3.329961
5.929352	7.177800	-0.572129	-1.492689	0.578947	-4.736842	1.371056	1.415829	1.455821	1.511788	1.548542	1.699864	1.769040	0.202797	3.392278
7.134523	8.526945	-0.648567	-0.931267	0.578947	-4.605263	1.033590	1.063224	1.089516	1.119930	1.141317	1.499863	1.588579	0.274608	3.248600
3.468116	4.438037	-0.961129	-3.244873	0.578947	-4.473684	1.596318	1.620339	1.633202	1.647311	1.653089	1.717347	1.897567	0.131432	4.675077
5.852888	6.864793	-0.596832	-0.898353	0.578947	-4.342105	0.886024	1.007003	1.111345	1.127731	1.135027	1.194975	1.480810	0.226900	3.095898
6.064286	5.545628	-0.186574	-0.946857	0.578947	-4.210526	1.058065	1.078561	1.091257	1.103977	1.105253	1.149805	1.237660	0.061431	2.472172
4.561756	5.123990	-0.444151	-1.262360	0.578947	-4.078947	0.982747	1.038327	1.063782	1.093207	1.104371	1.183411	1.412513	0.169817	1.387904
3.504571	3.881689	-0.535818	-1.826435	0.578947	-3.947368	1.229640	1.283003	1.316319	1.351879	1.368210	1.431002	1.546996	0.097232	2.368393
3.447751	3.632114	-0.424998	-1.608268	0.578947	-3.815789	1.094970	1.142378	1.167289	1.194861	1.205895	1.280794	1.389155	0.037549	2.783785
4.435148	3.381153	-0.499753	-1.485192	0.578947	-3.684211	0.905639	0.929047	0.940899	0.955849	0.962733	1.030186	1.172558	-0.117233	5.697090
3.837983	2.473773	-0.678655	-1.458251	0.578947	-3.552632	0.902756	0.933645	0.947235	0.960787	0.965916	1.031304	1.187854	-0.115585	7.685683
6.431915	5.430261	-0.175473	-1.474836	0.578947	-3.421053	0.596229	0.622548	0.633601	0.648741	0.653788	0.715192	0.913315	-0.008608	5.685431
4.439710	4.277417	-0.077373	-1.342445	0.578947	-3.289474	0.075359	0.078629	0.179790	0.189277	0.201702	0.275356	0.451153	-0.224106	3.480991
7.139463	3.502807	0.025490	-1.471265	0.578947	-3.157895	0.535647	0.564828	0.580387	0.602254	0.609972	0.709645	0.923837	-0.014064	14.445656
3.000625	2.360632	0.076900	-1.297297	0.578947	-3.026316	0.331200	0.348368	0.358563	0.370587	0.375249	0.432868	0.543319	-0.176401	8.339723
3.685423	2.369996	-0.225888	-1.407292	0.578947	-2.894737	0.000000	0.196295	0.330993	0.433656	0.516630	0.586266	0.646264	0.698970	13326770331882163798016.000000
4.849140	2.577936	-0.429698	-1.505512	0.578947	-2.763158	0.000000	0.196295	0.330993	0.433656	0.516630	0.586266	0.646264	0.698970	14687343003977247621120.000000
5.336150	3.810106	-0.104894	-3.501164	0.578947	-2.631579	0.000000	0.196295	0.330993	0.433656	0.516630	0.586266	0.646264	0.698970	15187148510125822574592.000000
3.973683	2.577683	-0.155704	-1.785712	0.578947	-2.500000	0.000000	0.196295	0.330993	0.433656	0.516630	0.586266	0.646264	0.698970	13888393964132467998720.000000
5.886493	6.814402	-0.575408	-1.338203	0.684211	-5.000000	1.746347	1.785453	1.814473	1.845963	1.858629	1.913482	2.000000	0.081747	4.895900
5.658269	6.847660	-0.592657	-1.270250	0.684211	-4.868421	1.687207	1.717430	1.733194	1.749242	1.758685	1.828186	1.935892	0.137346	3.734781
6.163452	7.472413	-0.574269	-1.866919	0.684211	-4.736842	1.302369	1.352911	1.404897	1.464655	1.498972	1.700845	1.760551	0.164942	3.889189
7.708527	6.330949	-0.964141	-3.283483	0.684211	-4.605263	1.296131	1.330477	1.341492	1.356165	1.360696	1.431195	1.612875	0.030393	8.408946
5.644643	6.564627	-0.514953	-3.316120	0.684211	-4.473684	1.549076	1.572937	1.585101	1.601122	1.605709	1.650008	1.728494	0.158616	4.324494
4.479282	5.344810	-0.613066	-2.852919	0.684211	-4.342105	1.382195	1.411082	1.428617	1.456530	1.468918	1.534986	1.645584	0.179271	5.894307
5.992940	5.486520	-0.179790	-0.952225	0.684211	-4.210526	1.048007	1.080389	1.093375	1.101581	1.102884	1.150493	1.241179	0.022884	3.086417
8.021189	2.409768	-0.160769	-0.648956	0.684211	-4.078947	0.538244	0.554241	0.568967	0.589463	0.598973	0.731131	0.871491	0.009449	3.616026
3.299240	3.740406	-0.550943	-1.906961	0.684211	-3.947368	1.283776	1.334798	1.364403	1.383784	1.390213	1.443725	1.561444	0.083973	2.420259
4.177183	3.097809	-0.473762	-1.023301	0.684211	-3.815789	0.910907	0.944853	0.960822	0.975841	0.982453	1.060533	1.213570	-0.122686	3.640292
3.079734	2.967204	-0.380007	-1.398300	0.684211	-3.684211	0.978757	1.005680	1.019247	1.037007	1.044767	1.128669	1.257054	-0.139853	3.100679
6.946214	2.344925	0.354434	-1.010864	0.684211	-3.552632	0.143565	0.150987	0.155016	0.160141	0.162896	0.249638	0.461901	-0.131971	5.643121
6.381038	5.336657	-0.174113	-1.490792	0.684211	-3.421053	0.596664	0.623779	0.636984	0.649419	0.654362	0.713181	0.910428	-0.103508	7.168711
9.188870	3.320336	0.003317	-1.558417	0.684211	-3.289474	0.561202	0.583622	0.597071	0.615465	0.621523	0.707555	0.907564	-0.086140	10.487298
6.476089	4.792521	0.007112	-1.390463	0.684211	-3.157895	0.437338	0.459977	0.472591	0.491158	0.496635	0.582551	0.763357	-0.041015	12.238765
3.138248	2.370429	0.087992	-1.287815	0.684211	-3.026316	0.327780	0.349604	0.360241	0.373634	0.379372	0.437894	0.568300	-0.243523	8.859789
5.910929	2.084464	-0.753486	-2.508407	0.684211	-2.894737	0.000000	0.196295	0.330993	0.433656	0.516630	0.586266	0.646264	0.698970	15509812444100107960320.000000
6.904070	4.422924	-0.743156	-1.645483	0.684211	-2.763158	0.000000	0.196295	0.330993	0.433656	0.516630	0.586266	0.646264	0.698970	13630357105026063663104.000000
5.537123	3.808562	-0.533432	-1.940337	0.684211	-2.631579	0.000000	0.196295	0.330993	0.433656	0.516630	0.586266	0.646264	0.698970	13678743270138144882688.000000
8.054784	4.814334	-0.767990	-1.172819	0.684211	-2.500000	0.000000	0.196295	0.330993	0.433656	0.516630	0.586266	0.646264	0.698970	14902167562727595180032.000000
5.892496	6.810789	-0.568955	-1.393678	0.789474	-5.000000	1.728174	1.766156	1.804537	1.843394	1.856017	1.912828	1.999999	0.026977	6.466024
5.319276	6.610461	-0.650738	-1.253685	0.789474	-4.868421	1.700178	1.742725	1.760076	1.776826	1.786542	1.854123	1.983311	0.098212	3.970132
6.318916	7.881358	-0.655063	-2.899619	0.789474	-4.736842	1.196256	1.237748	1.273269	1.327616	1.358246	1.672623	1.773290	0.167639	4.335584
6.374184	7.435450	-0.573423	-0.827876	0.789474	-4.605263	1.160993	1.234258	1.237865	1.240434	1.508622	1.589192	1.673931	0.149353	9.157839
5.201362	6.345873	-0.701810	-0.868290	0.789474	-4.473684	1.134231	1.203135	1.281020	1.330294	1.343293	1.498059	1.606153	0.176353	5.083169
6.019962	7.774286	-0.923422	-1.644015	0.789474	-4.342105	0.698622	0.980575	1.000520	1.026968	1.045755	1.183008	1.395666	0.138394	2.869958
7.039861	6.628985	-0.109352	-0.860756	0.789474	-4.210526	0.936727	0.949146	0.962255	0.979561	0.989137	1.025917	1.125865	0.005768	3.323046
7.893265	2.066638	-0.116750	-0.620498	0.789474	-4.078947	0.509612	0.527705	0.541267	0.558144	0.567935	0.704947	0.842892	-0.061718	2.863030
8.241307	2.259947	0.121960	-0.719894	0.789474	-3.947368	0.339671	0.355749	0.366589	0.382824	0.387792	0.455988	0.648671	-0.095620	3.170374
4.780625	5.206510	-0.357212	-3.461146	0.789474	-3.815789	0.747992	0.778715	0.794393	0.815448	0.826750	0.904227	1.067812	-0.061183	2.823084
4.531831	3.517395	-0.463545	-1.526797	0.789474	-3.684211	0.901644	0.928547	0.940803	0.956604	0.963380	1.031579	1.168540	-0.237541	8.767441
3.000046	2.759091	-0.356254	-1.580135	0.789474	-3.552632	0.852584	0.870662	0.881768	0.896029	0.902451	0.967480	1.118278	-0.299768	6.455452
9.132302	9.104620	-0.166652	-1.237095	0.789474	-3.421053	0.228660	0.232058	0.233306	0.263906	0.280479	0.376116	0.517494	-0.150390	2.795131
3.179505	2.003368	-0.117772	-2.220473	0.789474	-3.289474	0.804733	0.820143	0.834282	0.862193	0.874067	0.954634	1.120225	-0.416877	16.703887
3.059865	2.000102	-0.060383	-2.212522	0.789474	-3.157895	0.739518	0.756914	0.769245	0.791978	0.793545	0.875298	1.022513	-0.455722	20.317797
3.292847	2.418859	-0.002609	-1.787058	0.789474	-3.026316	-0.026831	0.281838	0.433277	0.485698	0.529461	0.609560	0.698563	0.097051	171.218310
4.740606	2.369650	-0.166038	-2.558966	0.789474	-2.894737	0.000000	0.196295	0.330993	0.433656	0.516630	0.586266	0.646264	0.698970	14881215808385706885120.000000
5.767226	3.307635	-0.018896	-3.035489	0.789474	-2.763158	0.000000	0.196295	0.330993	0.433656	0.516630	0.586266	0.646264	0.698970	15538915026069304115200.000000
8.662961	3.586076	-0.274211	-2.424083	0.789474	-2.631579	0.000000	0.196295	0.330993	0.433656	0.516630	0.586266	0.646264	0.698970	13798006847047496368128.000000
9.849857	9.004317	-0.211387	-3.368859	0.789474	-2.500000	0.000000	0.196295	0.330993	0.433656	0.516630	0.586266	0.646264	0.698970	14335695642131938934784.000000
5.705939	6.542073	-0.560343	-1.419432	0.894737	-5.000000	1.747634	1.783942	1.828110	1.864774	1.876479	1.927229	2.000000	-0.036713	8.519141
5.960517	7.250692	-0.592238	-1.142904	0.894737	-4.868421	1.619572	1.656393	1.699857	1.717192	1.727837	1.806829	1.921632	0.018915	6.140086
7.389440	9.175787	-0.687836	-2.616753	0.894737	-4.736842	1.049361	1.093471	1.112508	1.125521	1.132570	1.289950	1.682100	0.130724	4.790620
6.081353	7.523135	-0.784108	-1.195346	0.894737	-4.605263	0.970337	1.101016	1.110283	1.129078	1.148050	1.541408	1.676093	0.117518	6.661175
4.004562	5.096060	-0.784132	-3.515402	0.894737	-4.473684	1.561542	1.594839	1.613162	1.643644	1.655689	1.736470	1.869291	0.118324	5.569959
10.000000	2.000000	-0.232284	-0.520000	0.894737	-4.342105	0.676457	0.694914	0.704981	0.715561	0.717462	0.778729	0.922734	-0.050239	6.450585
6.096615	5.485369	-0.140342	-0.899554	0.894737	-4.210526	0.992906	1.010063	1.023112	1.035811	1.042039	1.074867	1.170093	-0.077567	3.460361
7.719273	2.169139	-0.099304	-0.626631	0.894737	-4.078947	0.508478	0.526562	0.538879	0.556030	0.563794	0.688900	0.846250	-0.107842	2.583102
3.150485	3.735122	-0.560818	-2.475325	0.894737	-3.947368	1.389231	1.421320	1.431000	1.444886	1.451105	1.489050	1.552080	0.027882	4.340537
6.891909	2.318374	0.199644	-0.818022	0.894737	-3.815789	0.266878	0.283181	0.293063	0.301197	0.303256	0.322947	0.494368	-0.141419	4.406824
5.244705	5.386811	-0.235367	-1.340263	0.894737	-3.684211	0.417722	0.432330	0.440401	0.456890	0.464046	0.542313	0.684637	-0.225659	4.831328
5.835583	4.100127	-0.080229	-1.226166	0.894737	-3.552632	0.539575	0.573979	0.598214	0.630343	0.645293	0.749087	0.889198	-0.173423	8.838522
5.905193	4.075669	0.059354	-1.199290	0.894737	-3.421053	0.402062	0.436028	0.457919	0.484288	0.494748	0.576599	0.705356	-0.221419	10.549442
3.204688	2.032035	-0.113189	-2.273533	0.894737	-3.289474	0.802993	0.822711	0.836199	0.863423	0.874709	0.955505	1.117097	-0.421390	15.025375
4.318494	3.583887	0.067713	-3.381729	0.894737	-3.157895	0.410337	0.355936	0.363245	0.435377	0.441045	0.538609	0.714109	-0.073592	96.815529
3.546151	2.282161	-0.033752	-2.175467	0.894737	-3.026316	-0.015418	0.359693	0.457598	0.573652	0.631027	0.689623	0.730874	-0.011572	186.663607
4.870683	2.506759	-0.793515	-2.924480	0.894737	-2.894737	0.000000	0.196295	0.330993	0.433656	0.516630	0.586266	0.646264	0.698970	14431212696701977493504.000000
4.205935	2.619572	-0.524675	-2.840536	0.894737	-2.763158	0.000000	0.196295	0.330993	0.433656	0.516630	0.586266	0.646264	0.698970	14369901613258805084160.000000
9.615384	7.198298	-0.226297	-1.795504	0.894737	-2.631579	0.000000	0.196295	0.330993	0.433656	0.516630	0.586266	0.646264	0.698970	14145970472237119045632.000000
7.856618	4.388609	-0.873898	-2.987768	0.894737	-2.500000	0.000000	0.196295	0.330993	0.433656	0.516630	0.586266	0.646264	0.698970	13378989134330978107392.000000
6.214539	6.963003	-0.644698	-0.666257	1.000000	-5.000000	1.645185	1.686663	1.703210	1.737073	1.747830	1.845822	1.940815	-0.158418	8.173710
5.542404	6.673119	-0.672309	-0.814800	1.000000	-4.868421	1.643479	1.651151	1.681938	1.708254	1.720215	1.826335	1.959945	-0.050564	8.902976
7.906286	6.440406	-1.000000	-3.520000	1.000000	-4.736842	1.323101	1.371623	1.395926	1.427834	1.441396	1.582247	1.684450	-0.068906	10.594767
3.017820	3.776247	-0.706466	-0.887594	1.000000	-4.605263	1.684475	1.708187	1.726040	1.755316	1.765559	1.851843	1.956559	-0.017710	9.513939
9.999661	2.003544	-0.559382	-0.559050	1.000000	-4.473684	0.729849	0.747829	0.760389	0.797670	0.806380	0.953573	1.099399	-0.068366	9.332560
7.967762	8.615474	-0.370045	-0.904852	1.000000	-4.342105	0.865274	0.991551	1.018646	1.044886	1.052125	1.168151	1.352033	0.007105	6.825436
4.688963	5.166358	-0.503143	-3.482032	1.000000	-4.210526	1.294437	1.538985	1.570928	1.588632	1.593279	1.630002	1.695893	-0.003827	10.577439
7.805342	2.224001	-0.058688	-0.623698	1.000000	-4.078947	0.489913	0.505613	0.517000	0.534529	0.543143	0.664004	0.823893	-0.155316	2.550791
7.989607	2.000000	0.126206	-0.721674	1.000000	-3.947368	0.340898	0.359252	0.370451	0.384419	0.391763	0.464179	0.656647	-0.165777	3.303629
6.576875	2.000042	0.210733	-0.778187	1.000000	-3.815789	0.263197	0.281931	0.289361	0.297084	0.299193	0.318725	0.451020	-0.146622	3.991650
3.193412	3.111986	-0.332225	-1.383813	1.000000	-3.684211	0.965966	0.999381	1.011022	1.027706	1.038536	1.099122	1.210284	-0.177058	4.694155
9.297870	5.810613	0.387496	-1.031861	1.000000	-3.552632	0.107258	0.115642	0.120338	0.127693	0.130297	0.157828	0.197800	-0.265405	4.409727
4.839441	2.223166	-0.447575	-1.633274	1.000000	-3.421053	0.795926	0.820489	0.835925	0.852106	0.859052	0.923724	1.110991	-0.290016	17.954341
3.174261	2.010855	-0.121446	-2.451292	1.000000	-3.289474	0.818592	0.839968	0.855088	0.884577	0.891360	0.981047	1.130457	-0.453254	18.095801
9.557017	2.759924	0.136746	-1.572996	1.000000	-3.157895	0.513476	0.536038	0.549048	0.565613	0.571459	0.659997	0.870098	-0.277970	14.378041
4.735117	2.126781	-0.090615	-1.737081	1.000000	-3.026316	0.196887	0.314831	0.427364	0.519721	0.573929	0.654834	0.717244	0.080497	168.903948
3.713636	2.420435	-0.006700	-3.291281	1.000000	-2.894737	0.000000	0.196295	0.330993	0.433656	0.516630	0.586266	0.646264	0.698970	12793991405780638629888.000000
5.817419	2.063207	-0.951011	-2.376284	1.000000	-2.763158	0.000000	0.196295	0.330993	0.433656	0.516630	0.586266	0.646264	0.698970	14017227272225432797184.000000
5.098012	3.863067	-0.933686	-1.475628	1.000000	-2.631579	0.000000	0.196295	0.330993	0.433656	0.516630	0.586266	0.646264	0.698970	13801291150930667896832.000000
3.069632	2.329980	-0.127039	-0.618380	1.000000	-2.500000	-0.900247	-0.897254	-0.895603	-0.893998	-0.893529	-0.883799	-0.863250	-1.000000	26.299787
