9.793214	6.901566	-0.421152	-1.668300	-1.000000	-5.000000	1.665782	1.892365	1.966782	2.000000	2.000000	2.000000	0.812716	146.473439
9.468460	7.482261	-0.368002	-1.923142	-1.000000	-4.868421	1.633907	1.902674	1.955879	1.999636	2.000000	2.000000	0.768637	165.946271
7.226681	6.379657	-0.518150	-0.520285	-1.000000	-4.736842	1.638627	1.877429	1.951468	2.000000	2.000000	2.000000	0.839207	86.183307
9.863435	7.956013	-0.744667	-1.590927	-1.000000	-4.605263	1.568517	1.808975	1.911919	1.982277	1.993336	1.999992	0.900007	80.247511
9.164774	9.489396	-0.500265	-0.605404	-1.000000	-4.473684	1.372337	1.649631	1.729977	1.791855	1.810912	1.848825	0.859687	56.868609
8.379827	5.293153	-0.962596	-2.266025	-1.000000	-4.342105	1.547007	1.795061	1.867293	1.927415	1.955608	1.981256	0.937589	62.475102
7.276954	9.474508	-0.999199	-1.023029	-1.000000	-4.210526	0.886534	1.300755	1.451878	1.584388	1.623976	1.704483	0.244943	45.209858
9.735724	2.810750	-1.000000	-1.837311	-1.000000	-4.078947	1.300523	1.547585	1.613573	1.672747	1.696449	1.736174	1.518969	48.401515
8.090723	9.480362	-0.610409	-1.257581	-1.000000	-3.947368	0.568338	1.337910	1.445033	1.518726	1.542320	1.571042	0.396814	31.657103
7.789955	2.011226	-0.773884	-1.862105	-1.000000	-3.815789	1.355786	1.560454	1.624585	1.677924	1.696387	1.730857	1.547097	35.056300
6.324372	2.021520	-0.650632	-1.902883	-1.000000	-3.684211	1.309956	1.561100	1.627321	1.683087	1.698848	1.729928	1.565299	34.768667
6.340498	2.000003	-0.446481	-1.922105	-1.000000	-3.552632	1.289523	1.555660	1.620544	1.668134	1.683149	1.713151	1.666871	31.606656
5.275781	2.002610	-0.291620	-1.978356	-1.000000	-3.421053	1.251800	1.525716	1.594582	1.650284	1.667804	1.695582	1.669153	30.997301
4.127821	2.002447	-0.121071	-1.988976	-1.000000	-3.289474	1.173601	1.477503	1.553905	1.609054	1.623244	1.656452	1.648682	28.340895
3.469368	3.506071	-0.095611	-1.401011	-1.000000	-3.157895	-0.113077	0.554681	0.802925	0.903296	0.925107	0.955451	-0.102185	68.960395
3.342050	2.480927	0.040282	-1.677327	-1.000000	-3.026316	-0.036901	0.356475	0.452642	0.525288	0.614078	0.708908	0.687801	727.304417
5.970865	2.610298	-0.059936	-1.757794	-1.000000	-2.894737	0.000000	0.221849	0.367977	0.477121	0.564271	0.636822	0.698970	15298326114746308231168.000000
6.822737	3.133308	-0.882201	-1.127705	-1.000000	-2.763158	0.000000	0.221849	0.367977	0.477121	0.564271	0.636822	0.698970	15679171042625737195520.000000
6.449049	3.815402	-0.357979	-1.107346	-1.000000	-2.631579	0.000000	0.221849	0.367977	0.477121	0.564271	0.636822	0.698970	15780150771217869045760.000000
9.708658	8.056363	-0.462125	-3.008502	-1.000000	-2.500000	0.000000	0.221849	0.367977	0.477121	0.564271	0.636822	0.698970	16253433816870220201984.000000
9.493278	7.071767	-0.438390	-1.520573	-0.894737	-5.000000	1.697890	1.918248	1.992016	1.999999	2.000000	2.000000	0.838530	134.354488
9.984513	7.225274	-0.939598	-1.761312	-0.894737	-4.868421	1.653898	1.955205	1.999811	2.000000	2.000000	2.000000	0.836671	124.533488
9.964026	7.368742	-0.875129	-1.445348	-0.894737	-4.736842	1.572199	1.838561	1.944744	2.000000	2.000000	2.000000	0.918837	78.066479
10.000000	7.614027	-1.000000	-1.900376	-0.894737	-4.605263	1.555528	1.844843	1.934161	1.999970	1.999972	2.000000	0.845595	72.342564
9.681644	8.057851	-0.791446	-2.002891	-0.894737	-4.473684	1.554169	1.811027	1.908807	1.968713	1.989012	2.000000	0.867476	63.720216
7.920316	5.133029	-0.986491	-2.156532	-0.894737	-4.342105	1.562402	1.807427	1.879512	1.937479	1.963203	1.993424	0.937820	63.443154
9.739840	3.842953	-1.000000	-1.956988	-0.894737	-4.210526	1.399316	1.622008	1.686970	1.748068	1.771488	1.801880	1.339823	49.861829
7.650173	9.485480	-0.801285	-1.116278	-0.894737	-4.078947	0.719304	1.160712	1.360268	1.502879	1.536659	1.594027	0.359377	40.499865
9.999281	2.392664	-0.848847	-1.877076	-0.894737	-3.947368	1.276391	1.528436	1.594604	1.653172	1.675154	1.706861	1.589863	33.956796
8.935411	2.671014	-0.629865	-1.849983	-0.894737	-3.815789	1.304968	1.517808	1.591431	1.647302	1.663367	1.698593	1.550603	31.677617
8.711105	3.104519	-0.432069	-1.907672	-0.894737	-3.684211	1.251569	1.499923	1.572857	1.626352	1.644241	1.671410	1.573439	29.954046
6.377054	2.158770	-0.414381	-1.883655	-0.894737	-3.552632	1.272933	1.537280	1.610447	1.662104	1.678311	1.704718	1.596821	26.245202
4.175218	2.244640	-0.293780	-2.156983	-0.894737	-3.421053	1.220590	1.525933	1.597699	1.662137	1.684364	1.718643	1.463230	39.682184
4.286058	2.034859	-0.108855	-1.985598	-0.894737	-3.289474	1.170083	1.475878	1.550004	1.605343	1.625421	1.655466	1.572467	26.376316
3.229325	2.084284	-0.058179	-3.497349	-0.894737	-3.157895	0.022476	0.425763	0.878271	0.839905	0.881614	0.909230	1.614547	560.667808
3.221900	3.050808	-0.011080	-0.544451	-0.894737	-3.026316	-0.735604	-0.539679	-0.526894	-0.514572	-0.508906	-0.499984	-0.093507	80.444541
8.611824	6.807797	-0.168790	-1.803256	-0.894737	-2.894737	0.000000	0.221849	0.367977	0.477121	0.564271	0.636822	0.698970	14387085097182764728320.000000
4.115656	2.917798	-0.479649	-2.521105	-0.894737	-2.763158	0.000000	0.221849	0.367977	0.477121	0.564271	0.636822	0.698970	15344757688534799745024.000000
7.448339	4.633457	-0.139060	-1.989004	-0.894737	-2.631579	0.000000	0.221849	0.367977	0.477121	0.564271	0.636822	0.698970	15772901684996841930752.000000
5.014761	2.048326	-0.759887	-1.976406	-0.894737	-2.500000	0.000000	0.221849	0.367977	0.477121	0.564271	0.636822	0.698970	15667417013669177851904.000000
9.987098	7.947848	-0.695888	-0.520000	-0.789474	-5.000000	1.715164	1.902812	1.940944	2.000000	2.000000	2.000000	0.965090	71.029878
5.686254	3.823026	-0.523261	-0.672480	-0.789474	-4.868421	1.771887	1.930365	1.999995	2.000000	2.000000	2.000000	0.471841	172.091214
9.883817	6.281379	-0.967887	-2.280841	-0.789474	-4.736842	1.592310	1.901427	1.995908	1.999998	2.000000	2.000000	0.816941	141.710323
9.316641	6.829488	-0.854501	-1.384271	-0.789474	-4.605263	1.541963	1.820570	1.928932	1.987198	2.000000	2.000000	0.774424	77.858837
4.313230	6.616665	-0.893448	-2.108005	-0.789474	-4.473684	0.852802	1.228543	1.349020	1.368749	1.420987	1.421334	0.400925	53.874896
8.821932	4.990073	-0.999912	-2.191142	-0.789474	-4.342105	1.538443	1.767416	1.839224	1.900183	1.928172	1.964813	1.030219	55.184574
9.999975	3.836610	-1.000000	-1.954992	-0.789474	-4.210526	1.385163	1.610773	1.676477	1.738270	1.761648	1.797245	1.350394	44.385460
9.999999	2.542184	-1.000000	-1.778882	-0.789474	-4.078947	1.268222	1.532087	1.602472	1.667154	1.689916	1.725774	1.521805	37.160249
10.000000	2.075562	-0.862915	-1.875087	-0.789474	-3.947368	1.266908	1.530934	1.599722	1.660120	1.684018	1.714992	1.559936	31.006975
9.417427	2.119520	-0.679204	-1.875313	-0.789474	-3.815789	1.279105	1.520938	1.595140	1.653709	1.674202	1.703380	1.568450	26.441682
8.697584	2.070611	-0.513691	-1.878253	-0.789474	-3.684211	1.280547	1.513763	1.585223	1.644583	1.665297	1.696095	1.602503	23.995981
9.550639	2.003090	-0.268706	-1.990686	-0.789474	-3.552632	1.176518	1.473169	1.574196	1.629359	1.648907	1.673748	1.709407	19.305900
7.841539	2.000012	-0.137113	-2.032255	-0.789474	-3.421053	1.183343	1.479714	1.568366	1.620885	1.638952	1.667790	1.671290	15.064643
5.885247	2.026336	-0.021649	-2.014159	-0.789474	-3.289474	1.189767	1.484746	1.546698	1.600350	1.617130	1.646666	1.568831	17.714617
6.844367	3.662861	0.042282	-1.431454	-0.789474	-3.157895	0.964956	1.241467	1.324857	1.389483	1.399810	1.414323	0.359619	126.670119
3.634594	3.030560	-0.043114	-2.200678	-0.789474	-3.026316	0.000000	0.221849	0.367977	0.477121	0.564271	0.636822	0.698970	14429194523080644362240.000000
5.973897	6.672668	-0.066212	-1.068035	-0.789474	-2.894737	-0.456727	-0.405657	-0.394700	-0.390000	-0.388941	-0.385928	-0.664612	51.424270
8.862212	3.482487	-0.293509	-3.438235	-0.789474	-2.763158	0.000000	0.221849	0.367977	0.477121	0.564271	0.636822	0.698970	14576473636388139433984.000000
3.185189	2.528034	-0.073054	-0.522760	-0.789474	-2.631579	-0.842771	-0.819647	-0.803828	-0.791505	-0.791452	-0.787680	0.160661	72.094545
4.152333	3.611540	-0.540392	-2.837773	-0.789474	-2.500000	0.000000	0.221849	0.367977	0.477121	0.564271	0.636822	0.698970	14719375789680601595904.000000
9.690109	7.487936	-0.741320	-0.520004	-0.684211	-5.000000	1.690537	1.921756	1.946595	1.999999	2.000000	2.000000	0.959617	78.137695
8.687601	6.546972	-0.613853	-0.560987	-0.684211	-4.868421	1.644938	1.827142	1.916940	1.979943	1.999995	1.999998	0.868222	73.974838
9.806813	7.483157	-0.620631	-0.985345	-0.684211	-4.736842	1.551509	1.785475	1.870630	1.927106	1.950881	1.979311	0.820852	79.264572
9.998634	7.673798	-0.999998	-1.912685	-0.684211	-4.605263	1.561216	1.837992	1.929382	1.999883	2.000000	2.000000	0.942385	70.773449
9.999226	6.702846	-1.000000	-2.338614	-0.684211	-4.473684	1.556766	1.830198	1.903672	1.964610	1.991961	2.000000	0.837997	59.799815
9.999802	5.127084	-1.000000	-2.103943	-0.684211	-4.342105	1.488458	1.708152	1.779445	1.838047	1.860356	1.899473	1.193335	51.657792
10.000000	3.887869	-1.000000	-1.964768	-0.684211	-4.210526	1.386298	1.613885	1.678399	1.737671	1.758782	1.793182	1.334237	41.367168
9.999693	2.504511	-1.000000	-1.818999	-0.684211	-4.078947	1.278619	1.539895	1.606083	1.669804	1.693319	1.726951	1.481423	35.458624
9.919427	2.000035	-0.850779	-1.854133	-0.684211	-3.947368	1.259308	1.525507	1.596420	1.657615	1.675723	1.708536	1.513998	28.703878
9.307581	2.168493	-0.662472	-1.871764	-0.684211	-3.815789	1.277509	1.519919	1.590437	1.648962	1.670364	1.701839	1.520955	23.952273
9.892892	2.000000	-0.430329	-1.907406	-0.684211	-3.684211	1.216784	1.470527	1.568731	1.632637	1.654537	1.685698	1.620107	21.291736
8.868557	2.000000	-0.305971	-1.977176	-0.684211	-3.552632	1.196108	1.487827	1.579442	1.639128	1.659217	1.685243	1.624651	17.370990
7.288731	2.000000	-0.191481	-2.011904	-0.684211	-3.421053	1.207552	1.502078	1.580578	1.635137	1.651841	1.678442	1.585290	14.282269
4.335418	2.021823	-0.092294	-2.016393	-0.684211	-3.289474	1.169342	1.483206	1.555020	1.606623	1.628350	1.658913	1.386790	19.580279
7.095853	6.021780	0.482783	-1.357243	-0.684211	-3.157895	-0.311892	-0.280502	-0.275250	-0.273449	-0.272524	-0.269432	0.796582	161.187948
4.788450	3.059150	0.090241	-1.314134	-0.684211	-3.026316	0.806313	1.148190	1.240622	1.304270	1.317491	1.333149	0.005342	151.720028
7.480468	2.240614	-0.249967	-2.194300	-0.684211	-2.894737	0.000000	0.221849	0.367977	0.477121	0.564271	0.636822	0.698970	15878974435602437505024.000000
3.390132	2.822766	-0.146716	-3.190988	-0.684211	-2.763158	0.000000	0.221849	0.367977	0.477121	0.564271	0.636822	0.698970	15560596244341916172288.000000
8.436088	2.196897	-0.001061	-1.304206	-0.684211	-2.631579	0.000000	0.221849	0.367977	0.477121	0.564271	0.636822	0.698970	16034945159186832424960.000000
3.161184	2.346822	0.230811	-0.521287	-0.684211	-2.500000	-0.912279	-0.861874	-0.851927	-0.844435	-0.842618	-0.838051	0.159261	55.191426
10.000000	8.106795	-0.718288	-0.520000	-0.578947	-5.000000	1.714587	1.911706	1.954885	1.999996	2.000000	1.999999	0.992166	72.198528
6.523764	4.690699	-0.672541	-0.529569	-0.578947	-4.868421	1.731437	1.919080	1.985740	2.000000	2.000000	2.000000	0.817232	105.014687
9.385275	8.620103	-0.539005	-0.549836	-0.578947	-4.736842	1.616069	1.808873	1.901846	1.960270	1.979744	2.000000	0.934406	71.982162
9.252153	9.145705	-0.450240	-0.665721	-0.578947	-4.605263	1.528142	1.792901	1.889523	1.949879	1.973543	2.000000	0.824582	67.405691
9.912465	8.193990	-0.834003	-2.259312	-0.578947	-4.473684	1.581333	1.831987	1.918734	1.978933	1.999875	2.000000	0.788877	58.087273
9.999927	5.123585	-0.999992	-2.137484	-0.578947	-4.342105	1.491492	1.709896	1.780758	1.840399	1.865680	1.902943	1.180724	45.279828
9.999999	3.654154	-0.999997	-1.909274	-0.578947	-4.210526	1.363550	1.595085	1.661880	1.721768	1.742528	1.774219	1.364168	37.662800
10.000000	2.000000	-1.000000	-1.700042	-0.578947	-4.078947	1.239226	1.527714	1.604462	1.668180	1.689829	1.723863	1.521376	33.687473
8.552490	2.000029	-0.963181	-1.932715	-0.578947	-3.947368	1.255680	1.569625	1.635995	1.692236	1.704943	1.735650	1.447517	25.347566
9.999993	2.000009	-0.627060	-1.887217	-0.578947	-3.815789	1.238605	1.498693	1.589299	1.644751	1.671046	1.706879	1.524154	22.171328
9.653181	2.000000	-0.438683	-1.915786	-0.578947	-3.684211	1.220769	1.482593	1.574239	1.637018	1.658411	1.694454	1.547071	18.726965
8.631985	2.000124	-0.289768	-1.962416	-0.578947	-3.552632	1.192878	1.489789	1.582009	1.647570	1.664918	1.693768	1.579511	15.356683
7.572450	2.000019	-0.162857	-2.038009	-0.578947	-3.421053	1.193918	1.495448	1.579707	1.631532	1.648135	1.675013	1.516190	12.407056
6.148225	2.023124	0.023250	-2.089353	-0.578947	-3.289474	1.192583	1.481953	1.550792	1.605140	1.621031	1.653633	1.418129	13.229446
4.038682	2.307209	0.165543	-1.954317	-0.578947	-3.157895	1.109186	1.316800	1.418861	1.482211	1.508757	1.539809	1.293472	25.367921
3.407869	2.001277	-0.007360	-1.444140	-0.578947	-3.026316	0.945387	1.234484	1.345484	1.420078	1.425037	1.446667	1.599717	81.012690
7.776349	3.988007	-0.081232	-3.446566	-0.578947	-2.894737	0.000000	0.221849	0.367977	0.477121	0.564271	0.636822	0.698970	14240405690774162767872.000000
7.025474	2.740118	-0.209762	-0.951756	-0.578947	-2.763158	0.000000	0.221849	0.367977	0.477121	0.564271	0.636822	0.698970	15330765106299627634688.000000
4.046179	2.909935	-0.738768	-1.160057	-0.578947	-2.631579	0.000000	0.221849	0.367977	0.477121	0.564271	0.636822	0.698970	15114882599025545052160.000000
9.470558	2.709114	-0.265674	-2.344133	-0.578947	-2.500000	0.000000	0.221849	0.367977	0.477121	0.564271	0.636822	0.698970	16044378396763533344768.000000
9.999969	7.902896	-0.717959	-0.520000	-0.473684	-5.000000	1.693432	1.909912	1.955879	2.000000	2.000000	2.000000	0.996629	71.198876
7.998101	6.003313	-0.698413	-0.534501	-0.473684	-4.868421	1.696928	1.862817	1.944695	1.999983	1.999999	2.000000	0.856304	68.194758
9.690633	7.663925	-0.710266	-1.258850	-0.473684	-4.736842	1.589269	1.824607	1.927513	1.989894	1.999991	1.999997	0.869214	74.280888
9.598398	7.649843	-0.703098	-1.383187	-0.473684	-4.605263	1.554189	1.822800	1.912950	1.965220	1.986335	1.999775	0.791008	66.814996
10.000000	6.572257	-1.000000	-2.304213	-0.473684	-4.473684	1.546234	1.822206	1.895817	1.957670	1.985321	2.000000	0.866596	58.281609
10.000000	5.076548	-1.000000	-2.152547	-0.473684	-4.342105	1.492761	1.709056	1.779975	1.842453	1.866477	1.906610	1.174526	44.003645
9.995514	3.625106	-1.000000	-1.914746	-0.473684	-4.210526	1.363797	1.591098	1.657322	1.719195	1.739852	1.770960	1.355618	36.508370
9.999997	2.000000	-1.000000	-1.755277	-0.473684	-4.078947	1.259980	1.529900	1.600037	1.666832	1.689524	1.725842	1.431092	30.452571
8.342524	2.000001	-0.968620	-1.931470	-0.473684	-3.947368	1.272764	1.574703	1.641419	1.699524	1.714303	1.743580	1.361533	24.478586
8.932683	2.219522	-0.651863	-1.860299	-0.473684	-3.815789	1.282170	1.530235	1.595638	1.653504	1.678806	1.711951	1.381833	20.863445
9.461462	2.000002	-0.431685	-1.887060	-0.473684	-3.684211	1.211328	1.479013	1.575460	1.634535	1.659522	1.691987	1.466155	17.392492
8.510566	2.001252	-0.283254	-1.965446	-0.473684	-3.552632	1.195500	1.491434	1.585662	1.646932	1.665509	1.696926	1.486741	13.066705
7.650255	2.000000	-0.097728	-2.062288	-0.473684	-3.421053	1.171074	1.481122	1.565533	1.623847	1.642876	1.674761	1.474565	9.728445
9.960933	6.690178	0.328790	-2.126238	-0.473684	-3.289474	0.832418	1.165779	1.285027	1.376958	1.406716	1.437793	1.315454	12.216743
5.721117	2.009746	0.237054	-1.944406	-0.473684	-3.157895	1.148206	1.390754	1.478916	1.544225	1.564777	1.593406	1.426618	25.834693
3.522539	2.107418	-0.117333	-2.797641	-0.473684	-3.026316	-0.013245	0.265914	0.405988	0.517323	0.609757	0.691280	0.809121	863.683718
7.432361	4.961764	-0.033184	-1.077135	-0.473684	-2.894737	0.000000	0.221849	0.367977	0.477121	0.564271	0.636822	0.698970	14209869848364208619520.000000
4.494691	3.881182	-0.144235	-2.706151	-0.473684	-2.763158	0.000000	0.221849	0.367977	0.477121	0.564271	0.636822	0.698970	15680090845106671714304.000000
6.474651	5.584441	-0.814912	-1.799336	-0.473684	-2.631579	0.000000	0.221849	0.367977	0.477121	0.564271	0.636822	0.698970	15025448810483430719488.000000
7.242402	4.205585	-0.260511	-3.406078	-0.473684	-2.500000	0.000000	0.221849	0.367977	0.477121	0.564271	0.636822	0.698970	14381683542942713643008.000000
9.734064	7.391862	-0.775271	-0.520000	-0.368421	-5.000000	1.671707	1.918114	1.945931	2.000000	2.000000	2.000000	0.990782	71.022651
9.291105	7.481258	-0.645818	-0.520740	-0.368421	-4.868421	1.691066	1.852409	1.927032	1.984623	2.000000	2.000000	0.903865	70.895145
7.495136	6.352379	-0.632825	-0.520362	-0.368421	-4.736842	1.679989	1.869980	1.939882	1.994184	2.000000	2.000000	0.801522	75.678414
7.047867	6.707978	-0.461383	-0.531355	-0.368421	-4.605263	1.627680	1.857912	1.941576	1.997539	2.000000	2.000000	0.637798	67.391213
9.998989	6.685795	-1.000000	-2.345926	-0.368421	-4.473684	1.558633	1.835700	1.909727	1.969688	1.995861	2.000000	0.773186	50.274917
9.999991	4.757394	-1.000000	-2.103227	-0.368421	-4.342105	1.477065	1.695652	1.766800	1.827844	1.850997	1.886800	1.174992	38.475243
8.986679	3.823624	-1.000000	-1.974269	-0.368421	-4.210526	1.435252	1.651392	1.714788	1.773199	1.795533	1.827682	1.247174	30.926348
9.216070	2.000003	-1.000000	-1.754052	-0.368421	-4.078947	1.291041	1.543791	1.620705	1.686602	1.710156	1.746990	1.319312	26.636558
7.926871	2.000014	-0.972860	-1.916900	-0.368421	-3.947368	1.281012	1.582193	1.651232	1.707613	1.724790	1.754359	1.272735	22.346162
7.461662	2.000023	-0.705607	-1.802889	-0.368421	-3.815789	1.307877	1.545165	1.613532	1.673765	1.697986	1.732919	1.244836	18.471497
9.040979	4.112329	-0.306567	-1.956650	-0.368421	-3.684211	1.186413	1.459327	1.539647	1.605675	1.632478	1.670192	1.283893	15.547827
7.621618	2.160567	-0.290110	-1.924155	-0.368421	-3.552632	1.224143	1.505404	1.588609	1.651635	1.674615	1.703505	1.359857	11.196916
6.701820	2.000005	-0.204501	-2.009720	-0.368421	-3.421053	1.218115	1.511415	1.585639	1.643142	1.661326	1.688802	1.347852	8.225130
7.685225	4.491027	0.298105	-2.615799	-0.368421	-3.289474	0.991302	1.306515	1.406222	1.480648	1.496455	1.528181	1.313755	28.979348
3.774855	2.173630	0.149617	-1.941632	-0.368421	-3.157895	1.130581	1.331221	1.426632	1.503443	1.523488	1.555141	1.161499	22.368488
3.981141	2.868737	0.365244	-2.096196	-0.368421	-3.026316	0.581741	1.251754	1.318968	1.369475	1.377819	1.416173	1.250520	52.301297
4.160249	2.675352	-0.976980	-3.433635	-0.368421	-2.894737	0.000000	0.221849	0.367977	0.477121	0.564271	0.636822	0.698970	14837273762449944739840.000000
7.551193	6.802388	-0.490699	-2.230061	-0.368421	-2.763158	0.000000	0.221849	0.367977	0.477121	0.564271	0.636822	0.698970	14755680859001232293888.000000
8.202352	4.482411	-0.750243	-0.928110	-0.368421	-2.631579	0.000000	0.221849	0.367977	0.477121	0.564271	0.636822	0.698970	14066387113269524430848.000000
4.895553	2.960734	-0.062755	-1.519506	-0.368421	-2.500000	0.000000	0.221849	0.367977	0.477121	0.564271	0.636822	0.698970	14567345879737050333184.000000
9.999987	7.795666	-0.734720	-0.520000	-0.263158	-5.000000	1.669460	1.901668	1.950447	2.000000	2.000000	2.000000	1.015847	66.470407
9.998278	7.824410	-0.770750	-1.125805	-0.263158	-4.868421	1.621368	1.836689	1.925444	1.999958	2.000000	2.000000	0.991453	65.549500
9.490502	9.327017	-0.527267	-0.520001	-0.263158	-4.736842	1.633027	1.842954	1.936634	1.994265	2.000000	2.000000	0.834883	61.097782
9.267016	9.486606	-0.478722	-0.652886	-0.263158	-4.605263	1.541169	1.815395	1.904027	1.966585	1.986650	2.000000	0.765431	58.909544
9.999958	6.250829	-1.000000	-2.263259	-0.263158	-4.473684	1.523972	1.795497	1.865823	1.925943	1.949705	1.988605	1.068205	47.808599
10.000000	4.601702	-1.000000	-2.078425	-0.263158	-4.342105	1.470381	1.688839	1.757927	1.818225	1.843105	1.880776	1.162590	34.976118
7.803019	3.884835	-0.999990	-1.974375	-0.263158	-4.210526	1.483668	1.705037	1.765193	1.823089	1.843655	1.875448	1.144030	27.658907
6.125682	3.032861	-0.998743	-1.908589	-0.263158	-4.078947	1.430567	1.671499	1.738149	1.790241	1.810699	1.846676	1.099307	24.161500
7.470314	2.000025	-0.936880	-1.896853	-0.263158	-3.947368	1.295334	1.591060	1.657733	1.715033	1.732055	1.764640	1.164437	22.862807
7.400486	2.000000	-0.688636	-1.777705	-0.263158	-3.815789	1.299147	1.541791	1.610547	1.677322	1.701613	1.733319	1.167797	17.779232
7.200110	3.242386	-0.391038	-1.836062	-0.263158	-3.684211	1.262636	1.495562	1.573106	1.636812	1.665251	1.701113	1.157444	13.703296
7.461388	2.119929	-0.285995	-1.927625	-0.263158	-3.552632	1.227659	1.512395	1.590664	1.653997	1.675753	1.706213	1.254665	9.681719
6.668434	2.011580	-0.220380	-2.025215	-0.263158	-3.421053	1.234613	1.522614	1.595204	1.650603	1.667226	1.693800	1.249487	7.457562
6.531130	4.393667	0.145807	-2.099931	-0.263158	-3.289474	1.041050	1.293487	1.396991	1.473143	1.503843	1.531931	1.130837	9.756308
5.940043	2.858584	0.250545	-1.949151	-0.263158	-3.157895	1.051834	1.318863	1.422124	1.487357	1.504336	1.528185	1.279114	19.380856
4.454507	2.633207	0.531800	-2.644713	-0.263158	-3.026316	0.244053	0.983517	1.265638	1.323554	1.360632	1.376591	1.675854	200.955470
6.200178	2.930484	-0.959140	-1.785084	-0.263158	-2.894737	0.000000	0.221849	0.367977	0.477121	0.564271	0.636822	0.698970	15119442226171667808256.000000
7.803121	5.088543	-0.978268	-3.230601	-0.263158	-2.763158	0.000000	0.221849	0.367977	0.477121	0.564271	0.636822	0.698970	17242104270373693423616.000000
7.516953	2.946111	-0.169812	-1.924817	-0.263158	-2.631579	0.000000	0.221849	0.367977	0.477121	0.564271	0.636822	0.698970	15889047474951296122880.000000
3.111580	2.575292	-0.099797	-0.668137	-0.263158	-2.500000	-0.836150	-0.819023	-0.812319	-0.807143	-0.807501	-0.806225	0.854526	163.907140
10.000000	7.586806	-0.719643	-0.520000	-0.157895	-5.000000	1.644719	1.893071	1.921814	1.999698	2.000000	2.000000	0.997411	58.625898
9.999720	7.786772	-0.742760	-1.095845	-0.157895	-4.868421	1.615741	1.824379	1.912134	1.997877	1.999997	2.000000	0.980769	57.058429
9.990991	7.903782	-0.717413	-1.300301	-0.157895	-4.736842	1.566803	1.810839	1.902757	1.976020	1.999861	2.000000	0.947875	58.629287
9.999991	7.870341	-0.999982	-2.159544	-0.157895	-4.605263	1.562687	1.829790	1.939936	2.000000	2.000000	2.000000	0.976036	51.230056
9.997421	6.268051	-1.000000	-2.334150	-0.157895	-4.473684	1.524546	1.798791	1.868220	1.928886	1.953099	1.990576	1.031586	42.475737
10.000000	4.528655	-1.000000	-2.057257	-0.157895	-4.342105	1.461520	1.685948	1.756785	1.818206	1.843625	1.879128	1.120418	30.711902
6.813762	4.007677	-0.999882	-1.997663	-0.157895	-4.210526	1.529218	1.746456	1.809165	1.868967	1.890234	1.919441	1.065198	23.997388
6.212875	3.127609	-0.995158	-1.861048	-0.157895	-4.078947	1.452867	1.671116	1.738279	1.795491	1.814293	1.850557	1.016613	20.905928
7.515418	3.600804	-0.764765	-1.856214	-0.157895	-3.947368	1.350453	1.571366	1.649472	1.714532	1.737253	1.770781	1.077602	19.279279
6.662736	3.891814	-0.522456	-1.857729	-0.157895	-3.815789	1.308648	1.537340	1.612731	1.685174	1.709984	1.751510	1.071037	16.098196
6.934529	3.328935	-0.395073	-1.854284	-0.157895	-3.684211	1.271724	1.502050	1.579019	1.647002	1.674209	1.713887	1.081193	11.415442
7.168954	2.329061	-0.267560	-1.918882	-0.157895	-3.552632	1.221429	1.502619	1.582796	1.648509	1.674044	1.705484	1.158365	8.733273
6.398789	2.205948	-0.190391	-2.007063	-0.157895	-3.421053	1.222738	1.505144	1.580327	1.637323	1.656388	1.688080	1.173649	6.647761
9.926020	6.856856	0.341134	-2.159670	-0.157895	-3.289474	0.804102	1.138033	1.264065	1.344596	1.381765	1.418952	1.137365	6.770829
5.494401	3.900665	0.247851	-1.939464	-0.157895	-3.157895	0.884738	1.186834	1.299531	1.378472	1.411882	1.436786	1.135820	14.368854
3.112607	2.276093	0.460116	-1.516618	-0.157895	-3.026316	-0.196971	0.566186	0.640318	0.681865	0.693303	0.700115	1.295311	148.248688
5.712861	2.701445	-0.431737	-3.064329	-0.157895	-2.894737	0.000000	0.221849	0.367977	0.477121	0.564271	0.636822	0.698970	15917406142593979383808.000000
8.030432	2.814856	-0.002237	-2.019266	-0.157895	-2.763158	0.000000	0.221849	0.367977	0.477121	0.564271	0.636822	0.698970	16259552498028352897024.000000
3.850784	3.160701	0.194387	-0.520180	-0.157895	-2.631579	-0.828894	-0.804643	-0.795124	-0.786292	-0.784110	-0.776899	-0.066592	53.137992
7.093307	6.474192	-0.374324	-1.666656	-0.157895	-2.500000	0.000000	0.221849	0.367977	0.477121	0.564271	0.636822	0.698970	15524109353120593608704.000000
9.999623	7.661866	-0.778947	-0.721129	-0.052632	-5.000000	1.640122	1.884706	1.983553	1.999036	2.000000	2.000000	1.018409	56.592119
9.999897	7.681076	-0.691264	-1.026076	-0.052632	-4.868421	1.599624	1.811015	1.900571	1.983867	1.999828	2.000000	0.965602	51.223263
9.971379	7.824546	-0.684280	-1.245893	-0.052632	-4.736842	1.563596	1.797233	1.890010	1.961670	1.982073	2.000000	0.940928	50.679917
9.999898	7.628553	-0.999999	-2.092137	-0.052632	-4.605263	1.552965	1.855705	1.940486	1.999997	2.000000	2.000000	0.917340	50.361795
9.999273	6.342201	-1.000000	-2.333060	-0.052632	-4.473684	1.527601	1.798907	1.869909	1.929341	1.955152	1.991351	0.991961	39.559012
7.919967	4.546736	-0.999999	-2.207440	-0.052632	-4.342105	1.555228	1.788823	1.852875	1.913041	1.935679	1.963924	0.997960	25.275523
6.939387	4.184329	-0.981974	-2.004531	-0.052632	-4.210526	1.531116	1.745370	1.809213	1.869425	1.890756	1.922619	1.004348	22.466774
6.248955	3.128881	-0.998923	-1.845362	-0.052632	-4.078947	1.449190	1.667842	1.735365	1.793510	1.817272	1.851731	0.957116	18.895551
6.151764	3.230960	-0.821712	-1.871226	-0.052632	-3.947368	1.356675	1.619144	1.693647	1.753456	1.775382	1.812052	0.974637	18.555939
6.648803	3.861782	-0.530814	-1.865481	-0.052632	-3.815789	1.311847	1.536548	1.613108	1.683706	1.709530	1.749220	1.007668	14.083617
6.792009	3.428229	-0.394413	-1.873422	-0.052632	-3.684211	1.271724	1.501631	1.579575	1.648929	1.676694	1.714941	1.014383	10.990705
7.011109	2.413783	-0.256903	-1.915692	-0.052632	-3.552632	1.217459	1.496282	1.580165	1.644495	1.670084	1.703973	1.093477	7.573317
8.403280	3.155933	0.023481	-2.639042	-0.052632	-3.421053	1.141725	1.458276	1.546950	1.608139	1.628474	1.662648	0.983512	15.024460
4.046231	2.020524	-0.081150	-2.110969	-0.052632	-3.289474	1.183397	1.490514	1.562726	1.619420	1.641278	1.669698	0.910881	7.982259
4.078517	2.853852	0.240942	-3.049151	-0.052632	-3.157895	0.821366	1.300295	1.409659	1.474427	1.498911	1.527560	1.142372	99.277499
3.112031	2.100578	-0.051815	-1.556702	-0.052632	-3.026316	0.036430	0.356164	0.550795	0.632449	0.732066	0.843651	0.982362	632.715703
8.313721	2.136835	-0.245449	-3.423882	-0.052632	-2.894737	0.000000	0.221849	0.367977	0.477121	0.564271	0.636822	0.698970	16115408739802174980096.000000
9.826287	2.592031	-0.084108	-2.856300	-0.052632	-2.763158	0.000000	0.221849	0.367977	0.477121	0.564271	0.636822	0.698970	14373153422876499509248.000000
7.716448	4.527536	-0.680691	-1.413316	-0.052632	-2.631579	0.000000	0.221849	0.367977	0.477121	0.564271	0.636822	0.698970	14484410189358137606144.000000
9.536250	4.155402	-0.695615	-1.119094	-0.052632	-2.500000	0.000000	0.221849	0.367977	0.477121	0.564271	0.636822	0.698970	14669059752514327412736.000000
10.000000	7.531519	-0.694799	-0.520000	0.052632	-5.000000	1.633580	1.886578	1.915719	1.997751	2.000000	2.000000	0.983402	47.767577
9.999430	7.645907	-0.665523	-1.001010	0.052632	-4.868421	1.590015	1.801360	1.893188	1.974020	2.000000	2.000000	0.932566	43.892404
9.995546	7.848382	-0.677650	-1.268472	0.052632	-4.736842	1.563674	1.794494	1.886849	1.957140	1.977967	2.000000	0.916987	45.403156
10.000000	4.169512	-1.000000	-1.296115	0.052632	-4.605263	1.481603	1.741537	1.809917	1.867622	1.889163	1.923180	1.079318	42.710115
9.997507	6.407757	-0.999989	-2.334733	0.052632	-4.473684	1.532577	1.806453	1.876673	1.937948	1.963453	1.992427	0.911616	34.684893
7.906544	4.619395	-1.000000	-2.233158	0.052632	-4.342105	1.557408	1.794727	1.859126	1.918488	1.942408	1.967244	0.938833	24.997066
6.898228	4.032934	-0.997828	-2.032657	0.052632	-4.210526	1.527066	1.746129	1.811743	1.872325	1.894128	1.921707	0.923062	20.681548
6.469826	3.529229	-0.939401	-1.868109	0.052632	-4.078947	1.462506	1.672688	1.738637	1.799042	1.819874	1.856945	0.908332	18.116851
6.203583	3.354349	-0.813164	-1.846017	0.052632	-3.947368	1.377523	1.613947	1.688198	1.755297	1.777882	1.813695	0.897297	17.403476
6.467185	3.903882	-0.537041	-1.891608	0.052632	-3.815789	1.320123	1.547112	1.629582	1.702393	1.730023	1.764276	0.919902	12.408744
6.749724	3.460395	-0.397213	-1.888391	0.052632	-3.684211	1.276497	1.506568	1.588770	1.657522	1.687959	1.721692	0.938905	9.418176
6.648448	2.833769	-0.243782	-1.926703	0.052632	-3.552632	1.213708	1.483761	1.569020	1.634763	1.660771	1.694830	0.994299	6.735922
6.570691	4.962875	0.056754	-2.496336	0.052632	-3.421053	1.054009	1.302586	1.396788	1.459812	1.488647	1.526886	0.878255	12.895898
4.738053	3.848255	0.076469	-1.983716	0.052632	-3.289474	0.928477	1.239410	1.330555	1.387336	1.412500	1.440755	0.873406	10.860306
3.742104	2.001389	0.127814	-1.936456	0.052632	-3.157895	1.094634	1.375082	1.471602	1.538160	1.554638	1.587621	0.823866	18.093892
3.762852	3.133828	0.045868	-0.736100	0.052632	-3.026316	-0.267725	-0.218299	-0.215576	-0.215030	-0.215239	-0.202853	0.968054	195.205479
4.368808	3.404670	-0.228846	-2.780872	0.052632	-2.894737	0.000000	0.221849	0.367977	0.477121	0.564271	0.636822	0.698970	14909904616235229773824.000000
3.683665	2.329441	-0.273075	-2.000805	0.052632	-2.763158	0.000000	0.221849	0.367977	0.477121	0.564271	0.636822	0.698970	14239898778070362882048.000000
8.138048	6.480546	-0.910377	-2.949372	0.052632	-2.631579	0.000000	0.221849	0.367977	0.477121	0.564271	0.636822	0.698970	14983889603281173872640.000000
3.247030	2.000268	-0.635232	-1.801399	0.052632	-2.500000	0.000000	0.221849	0.367977	0.477121	0.564271	0.636822	0.698970	15961719962757100470272.000000
10.000000	7.577339	-0.680083	-0.520000	0.157895	-5.000000	1.627266	1.886324	1.916186	1.996484	2.000000	2.000000	0.969613	42.636529
9.997845	7.620206	-0.644103	-0.978988	0.157895	-4.868421	1.580615	1.797674	1.894370	1.967075	1.994425	2.000000	0.891037	39.722449
9.979237	7.771401	-0.637501	-1.211714	0.157895	-4.736842	1.561940	1.793931	1.879457	1.940316	1.964161	1.993569	0.855728	40.361563
10.000000	4.242666	-1.000000	-1.317304	0.157895	-4.605263	1.482060	1.746106	1.815702	1.876450	1.895973	1.928762	1.032461	40.864288
10.000000	6.548421	-1.000000	-2.664697	0.157895	-4.473684	1.535952	1.816256	1.888264	1.948169	1.974632	2.000000	0.831136	31.211246
7.948323	4.802082	-1.000000	-2.575131	0.157895	-4.342105	1.557271	1.798579	1.864145	1.925748	1.947535	1.978643	0.885965	22.369066
6.886192	3.960648	-0.996841	-2.084616	0.157895	-4.210526	1.521435	1.744536	1.809100	1.869507	1.893590	1.919709	0.850393	19.723508
6.363773	3.241981	-0.974671	-1.890651	0.157895	-4.078947	1.459263	1.670988	1.735914	1.801173	1.822435	1.855836	0.828827	18.012865
6.338318	3.495086	-0.790660	-1.876913	0.157895	-3.947368	1.376106	1.613272	1.689375	1.759068	1.783124	1.817474	0.821185	16.581576
6.264174	3.901259	-0.547189	-1.904304	0.157895	-3.815789	1.325892	1.554881	1.636730	1.709860	1.737649	1.768910	0.828364	12.330596
6.587494	3.578417	-0.390605	-1.897094	0.157895	-3.684211	1.270254	1.504173	1.589887	1.658967	1.685040	1.719657	0.852734	9.108012
6.671105	3.153020	-0.224107	-1.947459	0.157895	-3.552632	1.208607	1.480101	1.565896	1.631834	1.659697	1.695244	0.893721	6.571136
6.388203	2.210189	-0.183397	-2.032682	0.157895	-3.421053	1.239791	1.513938	1.585023	1.641737	1.660257	1.690723	0.877545	6.029164
6.887538	2.126128	0.057482	-2.095690	0.157895	-3.289474	1.182265	1.471352	1.546413	1.604064	1.621914	1.654607	0.780424	10.316971
4.384157	2.792040	0.236680	-2.058036	0.157895	-3.157895	1.012818	1.290819	1.386377	1.452704	1.475062	1.513743	0.773414	14.863549
3.212345	2.007975	-0.167788	-2.478905	0.157895	-3.026316	0.029748	0.270104	0.405410	0.509490	0.611279	0.693957	0.891096	704.044486
9.677306	8.085007	-0.801771	-2.817517	0.157895	-2.894737	0.000000	0.221849	0.367977	0.477121	0.564271	0.636822	0.698970	13761017442523682963456.000000
8.747918	5.837363	-0.290570	-2.675424	0.157895	-2.763158	0.000000	0.221849	0.367977	0.477121	0.564271	0.636822	0.698970	14778519800207120531456.000000
5.009838	3.464038	-0.759396	-1.574452	0.157895	-2.631579	0.000000	0.221849	0.367977	0.477121	0.564271	0.636822	0.698970	14642868102521321160704.000000
7.088446	4.328608	-0.248702	-2.741612	0.157895	-2.500000	0.000000	0.221849	0.367977	0.477121	0.564271	0.636822	0.698970	15364129372400267558912.000000
10.000000	7.578169	-0.655804	-0.520000	0.263158	-5.000000	1.620763	1.886763	1.915193	1.998011	2.000000	2.000000	0.972045	38.614909
9.999998	7.609629	-0.632818	-0.977005	0.263158	-4.868421	1.574210	1.795992	1.899013	1.971759	2.000000	2.000000	0.891035	38.789362
9.998031	7.830498	-0.650108	-1.293494	0.263158	-4.736842	1.566342	1.802427	1.893949	1.951928	1.977084	2.000000	0.859859	36.033948
10.000000	4.068244	-1.000000	-1.295392	0.263158	-4.605263	1.478518	1.741920	1.814027	1.874982	1.896378	1.924956	0.958420	32.898250
9.999999	6.583268	-1.000000	-2.818234	0.263158	-4.473684	1.538468	1.817680	1.889867	1.951500	1.977096	2.000000	0.784533	27.673720
7.907323	5.062625	-1.000000	-2.894901	0.263158	-4.342105	1.561917	1.810555	1.881021	1.943192	1.965958	1.994292	0.798875	19.849122
6.931554	3.960490	-0.999982	-2.102680	0.263158	-4.210526	1.518888	1.744976	1.809498	1.870596	1.893773	1.919697	0.776073	18.112150
6.650823	3.735398	-0.905820	-1.946433	0.263158	-4.078947	1.459195	1.668128	1.736664	1.801577	1.825426	1.859737	0.761084	17.630750
6.287189	3.404061	-0.800045	-1.894272	0.263158	-3.947368	1.377044	1.616112	1.692749	1.759160	1.781616	1.817065	0.733559	16.087779
6.482732	4.266264	-0.502704	-1.902945	0.263158	-3.815789	1.314006	1.545056	1.634689	1.707325	1.734552	1.760024	0.760076	11.535700
6.357632	3.701483	-0.383850	-1.909542	0.263158	-3.684211	1.265875	1.501809	1.589657	1.661112	1.685451	1.720497	0.774048	8.049462
6.602100	3.250356	-0.229627	-1.956727	0.263158	-3.552632	1.208252	1.482329	1.567354	1.632742	1.658747	1.694939	0.804232	6.089176
7.147814	5.413178	0.078188	-1.993866	0.263158	-3.421053	0.970939	1.252939	1.359127	1.422325	1.449688	1.482608	0.762992	5.578622
7.321458	4.847339	0.195675	-2.139159	0.263158	-3.289474	1.017572	1.285333	1.397643	1.479811	1.501727	1.529230	0.787803	7.302346
4.350120	2.377540	0.194477	-1.988288	0.263158	-3.157895	1.063393	1.341697	1.445065	1.511891	1.532750	1.562897	0.610776	15.787342
6.663880	3.442317	0.198115	-1.458558	0.263158	-3.026316	0.922049	1.156159	1.286885	1.359089	1.365867	1.388783	1.133343	83.844876
9.139576	4.314442	-0.797832	-3.037425	0.263158	-2.894737	0.000000	0.221849	0.367977	0.477121	0.564271	0.636822	0.698970	14222891125373826760704.000000
6.754765	3.393380	-0.721640	-2.901857	0.263158	-2.763158	0.000000	0.221849	0.367977	0.477121	0.564271	0.636822	0.698970	14014481709512221786112.000000
3.242026	2.194510	-0.766666	-2.617374	0.263158	-2.631579	0.000000	0.221849	0.367977	0.477121	0.564271	0.636822	0.698970	16524941467001479495680.000000
7.470524	5.512223	-0.520244	-0.875326	0.263158	-2.500000	0.000000	0.221849	0.367977	0.477121	0.564271	0.636822	0.698970	15474915451928534056960.000000
10.000000	7.678821	-0.643484	-0.520000	0.368421	-5.000000	1.630062	1.890765	1.941184	2.000000	2.000000	2.000000	0.952955	38.140368
10.000000	7.609343	-0.622879	-0.984020	0.368421	-4.868421	1.571220	1.796320	1.901402	1.971204	2.000000	2.000000	0.845752	34.396220
10.000000	7.826539	-0.639296	-1.308668	0.368421	-4.736842	1.565069	1.809076	1.902685	1.958230	1.987496	2.000000	0.825402	32.281739
9.877133	8.009805	-0.686580	-1.637607	0.368421	-4.605263	1.554772	1.817006	1.906018	1.960910	1.980663	2.000000	0.817467	31.077705
9.999998	6.568277	-1.000000	-2.775068	0.368421	-4.473684	1.536669	1.816675	1.890024	1.954811	1.982103	2.000000	0.773731	25.235996
8.006385	5.141985	-0.999630	-3.072978	0.368421	-4.342105	1.559854	1.811593	1.882704	1.944168	1.967959	1.996668	0.734106	18.121959
6.961011	3.950221	-0.999989	-2.104936	0.368421	-4.210526	1.514613	1.742788	1.809189	1.870531	1.894095	1.919098	0.700308	18.421493
4.430801	3.290117	-0.958208	-2.079760	0.368421	-4.078947	1.615238	1.833320	1.900783	1.949643	1.967652	1.989531	0.658945	15.431131
4.189980	2.786905	-0.903989	-1.959100	0.368421	-3.947368	1.535816	1.749927	1.819876	1.880746	1.896964	1.910203	0.638933	15.129506
6.485004	4.226149	-0.507117	-1.916926	0.368421	-3.815789	1.317100	1.548002	1.638277	1.711150	1.737227	1.764845	0.682870	11.921989
6.523943	3.566344	-0.402062	-1.939725	0.368421	-3.684211	1.264424	1.515451	1.599913	1.670811	1.697494	1.730708	0.691549	7.434046
6.235986	3.186302	-0.257247	-1.958403	0.368421	-3.552632	1.207681	1.487058	1.571485	1.638436	1.665355	1.700637	0.707655	6.459803
7.473082	5.659601	0.092213	-2.014730	0.368421	-3.421053	0.960048	1.243321	1.349981	1.415639	1.442486	1.476186	0.669014	5.846899
6.229114	3.732309	0.100042	-2.087478	0.368421	-3.289474	1.060348	1.373271	1.473265	1.534380	1.558498	1.585071	0.708393	7.134450
4.466245	3.192614	0.029671	-1.521174	0.368421	-3.157895	0.865751	1.211181	1.302458	1.374612	1.385214	1.403832	0.887857	57.695429
3.320448	2.237129	-0.030563	-1.873997	0.368421	-3.026316	0.017755	0.306589	0.463993	0.577957	0.684142	0.756998	0.971586	577.362546
3.681898	2.530569	-0.492716	-2.275013	0.368421	-2.894737	0.000000	0.221849	0.367977	0.477121	0.564271	0.636822	0.698970	14566536749090640756736.000000
9.620696	7.892303	-0.314889	-0.886971	0.368421	-2.763158	0.000000	0.221849	0.367977	0.477121	0.564271	0.636822	0.698970	15163063497581794426880.000000
3.380386	2.506015	-0.258480	-2.220111	0.368421	-2.631579	0.000000	0.221849	0.367977	0.477121	0.564271	0.636822	0.698970	14429103121130284122112.000000
4.362857	3.312866	-0.504178	-2.614925	0.368421	-2.500000	0.000000	0.221849	0.367977	0.477121	0.564271	0.636822	0.698970	14659232790853000888320.000000
10.000000	7.627346	-0.630154	-0.520000	0.473684	-5.000000	1.643847	1.886654	1.939768	1.999997	2.000000	2.000000	0.921226	36.305411
9.999794	7.603687	-0.614113	-0.992636	0.473684	-4.868421	1.566978	1.792110	1.907138	1.974227	1.999443	2.000000	0.813911	31.325587
9.999999	7.818596	-0.631834	-1.290683	0.473684	-4.736842	1.561365	1.809040	1.903671	1.957821	1.988027	2.000000	0.788667	29.603039
9.999934	8.111985	-0.675895	-1.662689	0.473684	-4.605263	1.556945	1.820415	1.913374	1.962549	1.982488	2.000000	0.769708	27.516651
10.000000	6.540216	-1.000000	-2.805051	0.473684	-4.473684	1.537447	1.815053	1.891201	1.955346	1.981972	2.000000	0.712713	21.415068
8.004176	5.118236	-0.999846	-3.068568	0.473684	-4.342105	1.558861	1.814713	1.885568	1.946678	1.970887	1.997080	0.685022	17.967583
7.123513	4.185703	-0.977869	-2.116272	0.473684	-4.210526	1.522738	1.740906	1.808009	1.869055	1.892358	1.919985	0.650754	17.735098
4.423308	3.070149	-0.998555	-2.061379	0.473684	-4.078947	1.603065	1.819443	1.887868	1.937601	1.956732	1.979942	0.547563	15.667024
4.138267	3.075403	-0.853744	-1.964163	0.473684	-3.947368	1.544344	1.773418	1.847004	1.900227	1.919598	1.941605	0.567783	14.953423
6.599933	4.372163	-0.496389	-1.923996	0.473684	-3.815789	1.315180	1.545460	1.637818	1.712705	1.737419	1.763713	0.638808	10.695227
6.277446	3.525117	-0.416835	-1.953037	0.473684	-3.684211	1.266592	1.525752	1.609748	1.680206	1.707224	1.739503	0.615640	8.030152
6.588346	5.036650	-0.098941	-1.937255	0.473684	-3.552632	1.104617	1.368976	1.455778	1.519500	1.548155	1.579839	0.606251	6.445399
8.507710	6.287607	0.138494	-2.068775	0.473684	-3.421053	0.930106	1.216450	1.323217	1.401053	1.436535	1.469393	0.619876	6.410742
6.365052	4.477612	0.152299	-2.077404	0.473684	-3.289474	1.001679	1.275486	1.382856	1.460361	1.489127	1.521792	0.624569	7.542909
4.475325	2.508484	0.219977	-3.393791	0.473684	-3.157895	1.008776	1.395335	1.514123	1.550566	1.585791	1.619880	0.754958	104.426843
3.063759	2.202034	-0.001320	-1.439411	0.473684	-3.026316	0.872764	1.211900	1.318321	1.386486	1.398570	1.417647	0.649734	53.454235
9.682079	6.981142	-0.184837	-3.493204	0.473684	-2.894737	0.000000	0.221849	0.367977	0.477121	0.564271	0.636822	0.698970	13665186266654275796992.000000
6.790993	5.914325	-0.861248	-0.944170	0.473684	-2.763158	0.000000	0.221849	0.367977	0.477121	0.564271	0.636822	0.698970	16118974528180138803200.000000
3.830413	2.284726	-0.178286	-2.615246	0.473684	-2.631579	0.000000	0.221849	0.367977	0.477121	0.564271	0.636822	0.698970	15378786236112476045312.000000
7.112552	3.391113	-0.166129	-2.946845	0.473684	-2.500000	0.000000	0.221849	0.367977	0.477121	0.564271	0.636822	0.698970	16259321886135772250112.000000
9.999886	7.564190	-0.611544	-0.522851	0.578947	-5.000000	1.659094	1.890714	1.939242	2.000000	2.000000	2.000000	0.862825	33.243877
10.000000	7.268720	-0.671102	-1.082069	0.578947	-4.868421	1.570245	1.811130	1.913619	1.974377	1.997057	1.999999	0.766253	28.726061
10.000000	7.757689	-0.647387	-1.340950	0.578947	-4.736842	1.556534	1.816985	1.914057	1.964415	1.991433	2.000000	0.738904	27.190410
9.979992	8.092251	-0.664924	-1.654251	0.578947	-4.605263	1.558029	1.819907	1.913711	1.961153	1.981420	2.000000	0.719501	25.754894
10.000000	6.482783	-1.000000	-2.712154	0.578947	-4.473684	1.532936	1.820579	1.896546	1.963654	1.991098	2.000000	0.661038	20.417775
7.998848	5.146649	-1.000000	-3.229046	0.578947	-4.342105	1.560190	1.816435	1.886495	1.947943	1.971828	1.998687	0.618253	15.477184
7.421275	4.667830	-0.924436	-2.196753	0.578947	-4.210526	1.515462	1.748574	1.815240	1.876787	1.899639	1.926728	0.598549	15.891820
7.104080	4.460238	-0.808902	-2.052624	0.578947	-4.078947	1.454133	1.665384	1.747019	1.817880	1.842567	1.872876	0.589460	14.717368
7.187218	4.993765	-0.596268	-1.989407	0.578947	-3.947368	1.395443	1.607980	1.691232	1.765694	1.791080	1.819624	0.609197	14.442447
6.552202	4.244567	-0.504881	-1.933096	0.578947	-3.815789	1.329685	1.551993	1.639864	1.711492	1.740520	1.767211	0.593720	10.371565
6.068107	3.514395	-0.432517	-1.961110	0.578947	-3.684211	1.277668	1.533694	1.617270	1.685232	1.710880	1.742508	0.533519	8.143881
6.920487	5.311041	-0.085064	-1.979835	0.578947	-3.552632	1.095128	1.361617	1.449861	1.515219	1.543514	1.575686	0.531556	6.281659
6.525630	5.122802	0.028400	-1.990373	0.578947	-3.421053	0.976669	1.267943	1.373005	1.433831	1.459862	1.491219	0.535072	5.760409
6.522216	3.662644	0.106204	-2.097746	0.578947	-3.289474	1.060196	1.392487	1.482763	1.543859	1.567607	1.596390	0.542320	6.499467
4.033328	3.413288	0.184660	-1.921978	0.578947	-3.157895	0.659771	0.984909	1.110257	1.208564	1.245658	1.290439	0.447508	9.099969
3.940976	2.000541	0.306335	-1.773051	0.578947	-3.026316	1.118920	1.323738	1.412126	1.473269	1.485516	1.507172	0.411777	30.797244
4.368989	2.552046	-0.782739	-3.103181	0.578947	-2.894737	0.000000	0.221849	0.367977	0.477121	0.564271	0.636822	0.698970	14981498755539101810688.000000
9.096833	3.652185	-0.673253	-2.954841	0.578947	-2.763158	0.000000	0.221849	0.367977	0.477121	0.564271	0.636822	0.698970	14667326414760676687872.000000
9.964107	7.198839	-0.556650	-2.661484	0.578947	-2.631579	0.000000	0.221849	0.367977	0.477121	0.564271	0.636822	0.698970	15633600032154929070080.000000
8.968383	3.600412	-0.078030	-2.592817	0.578947	-2.500000	0.000000	0.221849	0.367977	0.477121	0.564271	0.636822	0.698970	13801298388764531359744.000000
9.999392	7.594028	-0.606042	-0.525587	0.684211	-5.000000	1.661879	1.892056	1.945397	1.995856	1.999958	2.000000	0.875991	31.368857
9.999996	7.262178	-0.673586	-1.113221	0.684211	-4.868421	1.572427	1.815999	1.918258	1.979130	1.999564	2.000000	0.780105	28.998169
10.000000	7.677100	-0.648362	-1.330623	0.684211	-4.736842	1.546443	1.819952	1.915639	1.965675	1.988102	2.000000	0.698996	26.513083
9.999676	8.129781	-0.663798	-1.685962	0.684211	-4.605263	1.564634	1.826988	1.919608	1.967040	1.987105	1.999879	0.669510	25.127889
9.999999	6.407104	-1.000000	-2.680504	0.684211	-4.473684	1.528709	1.820046	1.898881	1.964465	1.990663	2.000000	0.606728	20.291860
8.049424	5.135071	-0.999996	-3.247638	0.684211	-4.342105	1.554990	1.817306	1.889237	1.950129	1.974897	1.998608	0.569914	14.277360
7.630499	4.984207	-0.897252	-2.221274	0.684211	-4.210526	1.507437	1.746125	1.819301	1.880823	1.903749	1.931689	0.569082	16.083070
7.787648	5.595540	-0.708637	-2.135152	0.684211	-4.078947	1.432410	1.656310	1.741493	1.818496	1.848081	1.879332	0.581138	14.247019
7.368209	5.250325	-0.580259	-2.029428	0.684211	-3.947368	1.375655	1.609082	1.696123	1.767010	1.792262	1.819792	0.593307	13.350738
5.681541	2.362125	-0.751332	-1.960314	0.684211	-3.815789	1.389365	1.597967	1.672290	1.736471	1.761897	1.796865	0.390900	10.835263
5.917908	3.308378	-0.459685	-1.977966	0.684211	-3.684211	1.290892	1.547319	1.627976	1.693101	1.720406	1.753705	0.461778	8.723153
6.783643	5.199096	-0.093755	-1.975359	0.684211	-3.552632	1.099479	1.369070	1.458392	1.523718	1.555899	1.584929	0.463333	5.962155
3.854540	2.497240	-0.224265	-2.883666	0.684211	-3.421053	1.232093	1.532034	1.609470	1.671117	1.695765	1.723397	0.443805	10.413407
4.477943	2.757608	0.004931	-2.119620	0.684211	-3.289474	1.112440	1.423572	1.526670	1.584873	1.604645	1.632129	0.438365	7.446818
3.589611	2.000474	0.103180	-1.910650	0.684211	-3.157895	1.119724	1.407467	1.498269	1.562893	1.575726	1.602448	0.325638	16.599922
3.483894	2.262819	0.166096	-1.623492	0.684211	-3.026316	0.888054	1.260586	1.351962	1.417528	1.434558	1.449245	0.483591	45.350386
4.106371	2.908384	-0.696634	-2.131437	0.684211	-2.894737	0.000000	0.221849	0.367977	0.477121	0.564271	0.636822	0.698970	14711739575560717729792.000000
8.614731	4.821080	-0.395698	-1.887636	0.684211	-2.763158	0.000000	0.221849	0.367977	0.477121	0.564271	0.636822	0.698970	15173030885361245487104.000000
6.523556	3.764004	-0.951263	-3.469299	0.684211	-2.631579	0.000000	0.221849	0.367977	0.477121	0.564271	0.636822	0.698970	14983629748974378811392.000000
5.158178	3.835112	-0.781237	-2.749654	0.684211	-2.500000	0.000000	0.221849	0.367977	0.477121	0.564271	0.636822	0.698970	15615940872642785968128.000000
9.985236	7.399016	-0.594646	-0.548255	0.789474	-5.000000	1.650071	1.879056	1.941292	1.989517	1.994561	1.999626	0.917864	35.574350
9.999999	7.265927	-0.661633	-1.103711	0.789474	-4.868421	1.582700	1.821685	1.923450	1.979630	1.994101	1.999905	0.761851	28.980019
9.999954	7.635021	-0.636972	-1.311902	0.789474	-4.736842	1.536585	1.818520	1.910942	1.962765	1.985375	2.000000	0.724500	25.246819
9.997438	8.126514	-0.660170	-1.698642	0.789474	-4.605263	1.568880	1.829825	1.920290	1.965790	1.986368	2.000000	0.688386	23.328129
9.999653	6.360266	-0.999997	-2.622070	0.789474	-4.473684	1.526593	1.815971	1.894747	1.962383	1.986964	1.999908	0.604058	17.873668
8.008122	5.156643	-0.999950	-3.131394	0.789474	-4.342105	1.558247	1.817800	1.889562	1.950709	1.973742	1.997735	0.576662	14.399777
7.561100	4.827706	-0.909835	-2.218306	0.789474	-4.210526	1.508915	1.745946	1.815630	1.877514	1.901004	1.927282	0.542353	13.194912
7.546156	5.331921	-0.733340	-2.153500	0.789474	-4.078947	1.447787	1.673304	1.755053	1.829084	1.856046	1.885629	0.582317	14.172128
7.792872	5.938012	-0.532177	-2.040672	0.789474	-3.947368	1.366603	1.598354	1.685561	1.751353	1.775417	1.804458	0.600610	13.290098
5.586604	2.001738	-0.824355	-2.033693	0.789474	-3.815789	1.387759	1.616957	1.686171	1.746827	1.769755	1.805523	0.309567	10.263728
7.744359	6.447457	-0.211159	-2.041991	0.789474	-3.684211	1.150806	1.421055	1.504200	1.569526	1.596111	1.622073	0.548421	8.069072
6.915403	5.295740	-0.091309	-1.995722	0.789474	-3.552632	1.099267	1.375112	1.463743	1.530783	1.562882	1.589593	0.432652	6.246494
4.432438	2.913161	-0.167510	-2.143966	0.789474	-3.421053	1.183298	1.482676	1.572505	1.637708	1.666017	1.688607	0.390090	5.132796
4.700859	2.635713	0.015364	-2.121031	0.789474	-3.289474	1.112120	1.428982	1.531589	1.593937	1.612897	1.644732	0.411254	7.084754
4.997979	2.426985	0.147377	-1.898204	0.789474	-3.157895	1.043185	1.351745	1.458814	1.519843	1.531623	1.553568	0.483690	25.768111
3.101070	2.097789	0.050017	-1.519821	0.789474	-3.026316	0.884940	1.244769	1.352742	1.422295	1.442089	1.456817	0.518488	45.702102
4.630247	2.566569	-0.796085	-2.662909	0.789474	-2.894737	0.000000	0.221849	0.367977	0.477121	0.564271	0.636822	0.698970	13760696414961198432256.000000
3.671418	2.990230	-0.104718	-3.491023	0.789474	-2.763158	0.000000	0.221849	0.367977	0.477121	0.564271	0.636822	0.698970	16095933298092856573952.000000
7.104928	3.836480	-0.408911	-3.201723	0.789474	-2.631579	0.000000	0.221849	0.367977	0.477121	0.564271	0.636822	0.698970	14711688553587506413568.000000
5.773690	3.472904	-0.976189	-1.929720	0.789474	-2.500000	0.000000	0.221849	0.367977	0.477121	0.564271	0.636822	0.698970	14492695031500312150016.000000
9.999748	7.548134	-0.590702	-0.520012	0.894737	-5.000000	1.660282	1.881860	1.948883	2.000000	2.000000	2.000000	0.934285	34.088923
9.960761	6.294232	-0.516784	-0.620828	0.894737	-4.868421	1.515951	1.731202	1.798911	1.865521	1.897360	1.927601	0.774641	27.879563
9.999774	7.617813	-0.633175	-1.328245	0.894737	-4.736842	1.531296	1.820207	1.911010	1.962477	1.985740	2.000000	0.676144	24.677736
9.999838	8.128451	-0.651013	-1.699896	0.894737	-4.605263	1.567595	1.833381	1.921278	1.967840	1.988935	2.000000	0.646170	22.845427
10.000000	6.307614	-1.000000	-2.530678	0.894737	-4.473684	1.523683	1.816525	1.896326	1.963552	1.987499	2.000000	0.580980	18.743536
8.080854	5.209742	-0.997892	-3.250458	0.894737	-4.342105	1.556516	1.817594	1.891989	1.953262	1.975660	1.998286	0.551142	15.456182
8.298615	9.489422	-0.726891	-1.819472	0.894737	-4.210526	1.576316	1.852137	1.932876	1.976460	1.988738	1.999586	0.518804	12.993259
7.438977	5.677239	-0.698387	-2.172543	0.894737	-4.078947	1.472467	1.690793	1.772676	1.848966	1.878638	1.899589	0.603500	15.722616
7.849192	6.120819	-0.519268	-2.041377	0.894737	-3.947368	1.377870	1.600525	1.690924	1.755387	1.780351	1.805386	0.583262	13.565641
5.625693	2.028893	-0.824912	-2.049536	0.894737	-3.815789	1.388352	1.617124	1.688519	1.749049	1.772875	1.809144	0.305461	11.016570
7.818544	6.517468	-0.206414	-2.059005	0.894737	-3.684211	1.149868	1.424084	1.505280	1.569720	1.596930	1.622720	0.501101	8.357862
7.073352	5.518995	-0.080521	-2.003229	0.894737	-3.552632	1.068900	1.349132	1.448185	1.515849	1.545143	1.579379	0.394575	6.782119
4.481056	2.934719	-0.166763	-2.152415	0.894737	-3.421053	1.180863	1.485898	1.576603	1.642170	1.670755	1.693479	0.347785	5.179538
6.517156	3.223095	0.120814	-2.173398	0.894737	-3.289474	1.092373	1.423343	1.509527	1.569485	1.593528	1.625006	0.391043	7.047177
4.781473	2.350871	0.221593	-2.877559	0.894737	-3.157895	1.079156	1.427645	1.502749	1.578916	1.611690	1.646161	0.619466	89.471333
6.474581	2.046814	0.031057	-1.327921	0.894737	-3.026316	0.902316	1.249146	1.319118	1.377157	1.432559	1.450856	0.935811	110.813009
9.889057	4.010291	-0.936482	-2.447160	0.894737	-2.894737	0.000000	0.221849	0.367977	0.477121	0.564271	0.636822	0.698970	13983821153467747008512.000000
4.196770	2.161293	-0.293498	-3.040522	0.894737	-2.763158	0.000000	0.221849	0.367977	0.477121	0.564271	0.636822	0.698970	15320160574979386114048.000000
8.310181	2.792131	-0.577045	-1.474206	0.894737	-2.631579	0.000000	0.221849	0.367977	0.477121	0.564271	0.636822	0.698970	13885903887094696116224.000000
8.982570	6.176838	-0.146821	-2.886716	0.894737	-2.500000	0.000000	0.221849	0.367977	0.477121	0.564271	0.636822	0.698970	15649827766473213345792.000000
10.000000	5.477794	-1.000000	-0.705266	1.000000	-5.000000	1.593759	1.873176	1.973759	1.995709	1.996620	2.000000	0.772064	42.910999
10.000000	6.742393	-0.458277	-0.582770	1.000000	-4.868421	1.528132	1.730059	1.805669	1.874081	1.902269	1.934878	0.763403	28.267694
9.999991	7.635597	-0.635841	-1.361533	1.000000	-4.736842	1.535346	1.818785	1.912933	1.963093	1.987072	2.000000	0.637492	23.704497
9.993182	8.120796	-0.645736	-1.704299	1.000000	-4.605263	1.568985	1.833228	1.919321	1.966025	1.987439	1.999999	0.607647	22.101759
10.000000	6.274018	-1.000000	-2.534593	1.000000	-4.473684	1.524753	1.817074	1.895965	1.964958	1.987075	2.000000	0.543739	17.655540
8.658549	5.234524	-0.999934	-3.160854	1.000000	-4.342105	1.532316	1.799289	1.875089	1.938158	1.962545	1.990020	0.415071	16.467379
7.526413	4.738374	-0.904486	-2.209646	1.000000	-4.210526	1.507724	1.744010	1.814740	1.875984	1.897554	1.922597	0.521481	16.153487
8.904702	8.714400	-0.404648	-2.314387	1.000000	-4.078947	1.426411	1.630503	1.706240	1.768588	1.794969	1.811294	0.614471	14.385376
4.075412	2.945350	-0.875028	-2.036642	1.000000	-3.947368	1.550628	1.779055	1.852842	1.897815	1.917614	1.940378	0.370849	13.265634
5.665348	2.070328	-0.817460	-2.063731	1.000000	-3.815789	1.392099	1.620219	1.690819	1.750258	1.773749	1.807162	0.287492	11.621135
7.571349	6.105380	-0.218859	-2.027867	1.000000	-3.684211	1.162592	1.427923	1.526897	1.588443	1.611029	1.637139	0.458872	8.938609
6.650404	5.051193	-0.102192	-1.974715	1.000000	-3.552632	1.108415	1.387459	1.479733	1.542267	1.572257	1.597004	0.367707	6.888944
4.544577	2.954747	-0.162371	-2.158376	1.000000	-3.421053	1.179202	1.488105	1.579047	1.643832	1.672389	1.696197	0.317305	5.158286
4.438662	3.819901	0.075255	-1.939572	1.000000	-3.289474	0.801711	1.121760	1.248156	1.323996	1.350845	1.380553	0.341777	9.064903
3.232644	2.070832	0.076909	-1.887823	1.000000	-3.157895	1.038273	1.383846	1.471407	1.540798	1.560329	1.594108	0.274074	13.276599
4.143584	2.961259	0.315535	-1.947230	1.000000	-3.026316	0.325261	0.579462	0.644177	0.718927	0.803798	0.893176	0.818718	367.658557
4.499396	3.846968	-0.265794	-2.368213	1.000000	-2.894737	0.000000	0.221849	0.367977	0.477121	0.564271	0.636822	0.698970	15156129752302347091968.000000
6.200430	4.236803	-0.674401	-3.048010	1.000000	-2.763158	0.000000	0.221849	0.367977	0.477121	0.564271	0.636822	0.698970	15467380592906998906880.000000
9.675214	2.167402	-0.749260	-3.339476	1.000000	-2.631579	0.000000	0.221849	0.367977	0.477121	0.564271	0.636822	0.698970	15329167249308899082240.000000
6.401944	3.658834	-0.674560	-1.473195	1.000000	-2.500000	0.000000	0.221849	0.367977	0.477121	0.564271	0.636822	0.698970	15210505429186634579968.000000
