1	0	0	3.214	0	0	0
1	0	1	6.7175	0	0	0
1	8	0	3.5577	0	0	0
1	8	1	6.8627	0	0	0
1	13	0	3.5577	0	0	0
1	13	1	5.2941	0	0	0
1	21	0	2.6923	0	0	0
1	21	1	8.9216	0	0	0
1	34	0	2.4038	0	0	0
1	34	1	6.3725	0	0	0
1	55	0	5.5769	0	0	0
1	55	1	7.7451	0	0	0
1	90	0	14.423	0	0	0
1	90	1	11.765	0	0	0
2	0	0	3.0093	0	0	0
2	0	1	6.7084	0	0	0
2	8	0	2.0192	0	0	0
2	8	1	6.5686	0	0	0
2	13	0	3.6538	0	0	0
2	13	1	5.5882	0	0	0
2	21	0	2.1154	0	0	0
2	21	1	6.0784	0	0	0
2	34	0	2.4038	0	0	0
2	34	1	6.1765	0	0	0
2	55	0	5.2885	0	0	0
2	55	1	9.5098	0	0	0
2	90	0	10.288	0	0	0
2	90	1	10.392	0	0	0
3	0	0	1.3978	0	0	0
3	0	1	2.1151	0	0	0
3	8	0	1.1538	0	0	0
3	8	1	1.4706	0	0	0
3	13	0	1.6346	0	0	0
3	13	1	2.549	0	0	0
3	21	0	1.25	0	0	0
3	21	1	1.3725	0	0	0
3	34	0	1.7308	0	0	0
3	34	1	1.9608	0	0	0
3	55	0	2.7885	0	0	0
3	55	1	3.7255	0	0	0
3	90	0	6.25	0	0	0
3	90	1	5.6863	0	0	0
4	0	0	4.7098	0	0	0
4	0	1	15.832	0	0	0
4	8	0	5.6731	0	0	0
4	8	1	19.412	0	0	0
4	13	0	8.1731	0	0	0
4	13	1	16.176	0	0	0
4	21	0	9.5192	0	0	0
4	21	1	20.882	0	0	0
4	34	0	12.019	0	0	0
4	34	1	24.02	0	0	0
4	55	0	17.596	0	0	0
4	55	1	27.059	0	0	0
4	90	0	24.615	0	0	0
4	90	1	30.98	0	0	0
5	0	0	24.475	0	0	0
5	0	1	25.944	0	0	0
5	8	0	25.769	0	0	0
5	8	1	23.627	0	0	0
5	13	0	22.308	0	0	0
5	13	1	28.039	0	0	0
5	21	0	28.846	0	0	0
5	21	1	29.51	0	0	0
5	34	0	31.923	0	0	0
5	34	1	36.765	0	0	0
5	55	0	46.346	0	0	0
5	55	1	42.745	0	0	0
5	90	0	54.904	0	0	0
5	90	1	56.863	0	0	0
6	0	0	9.1079	0	0	0
6	0	1	37.863	0	0	0
6	8	0	9.3269	0	0	0
6	8	1	33.235	0	0	0
6	13	0	10.288	0	0	0
6	13	1	39.412	0	0	0
6	21	0	7.7885	0	0	0
6	21	1	39.51	0	0	0
6	34	0	10	0	0	0
6	34	1	41.961	0	0	0
6	55	0	10.288	0	0	0
6	55	1	40	0	0	0
6	90	0	16.442	0	0	0
6	90	1	44.804	0	0	0
7	0	0	14.103	0	0	0
7	0	1	11.129	0	0	0
7	8	0	14.038	0	0	0
7	8	1	12.059	0	0	0
7	13	0	14.038	0	0	0
7	13	1	10.686	0	0	0
7	21	0	13.462	0	0	0
7	21	1	12.157	0	0	0
7	34	0	16.442	0	0	0
7	34	1	12.451	0	0	0
7	55	0	14.135	0	0	0
7	55	1	9.902	0	0	0
7	90	0	18.654	0	0	0
7	90	1	14.608	0	0	0
8	0	0	4.3447	0	0	0
8	0	1	15.015	0	0	0
8	8	0	3.8462	0	0	0
8	8	1	14.804	0	0	0
8	13	0	5.0962	0	0	0
8	13	1	13.922	0	0	0
8	21	0	3.9423	0	0	0
8	21	1	16.176	0	0	0
8	34	0	4.6154	0	0	0
8	34	1	14.314	0	0	0
8	55	0	5.9615	0	0	0
8	55	1	17.451	0	0	0
8	90	0	10	0	0	0
8	90	1	20.294	0	0	0
9	0	0	0.76567	0	0	0
9	0	1	4.8747	0	0	0
9	8	0	0.76923	0	0	0
9	8	1	5	0	0	0
9	13	0	1.1538	0	0	0
9	13	1	4.8039	0	0	0
9	21	0	0.96154	0	0	0
9	21	1	4.7059	0	0	0
9	34	0	1.0577	0	0	0
9	34	1	5.8824	0	0	0
9	55	0	2.0192	0	0	0
9	55	1	6.6667	0	0	0
9	90	0	4.6154	0	0	0
9	90	1	9.3137	0	0	0
10	0	0	3.0449	0	0	0
10	0	1	6.2455	0	0	0
10	8	0	2.7885	0	0	0
10	8	1	5.3922	0	0	0
10	13	0	3.9423	0	0	0
10	13	1	4.4118	0	0	0
10	21	0	3.1731	0	0	0
10	21	1	4.7059	0	0	0
10	34	0	3.4615	0	0	0
10	34	1	5.9804	0	0	0
10	55	0	3.3654	0	0	0
10	55	1	6.1765	0	0	0
10	90	0	5.6731	0	0	0
10	90	1	10.196	0	0	0
11	0	0	1.6382	0	0	1
11	0	1	4.2484	0	0	1
11	8	0	2.7885	0	0	1
11	8	1	5.3922	0	0	1
11	13	0	2.9808	0	0	1
11	13	1	4.1176	0	0	1
11	21	0	1.8269	0	0	1
11	21	1	5.9804	0	0	1
11	34	0	2.8846	0	0	1
11	34	1	5	0	0	1
11	55	0	3.4615	0	0	1
11	55	1	4.5098	0	0	1
11	90	0	4.2308	0	0	1
11	90	1	5.1961	0	0	1
12	0	0	6.2856	0	0	0
12	0	1	19.526	0	0	0
12	8	0	6.1538	0	0	0
12	8	1	20.588	0	0	0
12	13	0	7.7885	0	0	0
12	13	1	20.098	0	0	0
12	21	0	8.0769	0	0	0
12	21	1	18.529	0	0	0
12	34	0	10.577	0	0	0
12	34	1	18.824	0	0	0
12	55	0	10.865	0	0	0
12	55	1	21.275	0	0	0
12	90	0	14.519	0	0	0
12	90	1	21.471	0	0	0
13	0	0	2.938	0	0	0
13	0	1	11.347	0	0	0
13	8	0	2.6923	0	0	0
13	8	1	10.98	0	0	0
13	13	0	2.9808	0	0	0
13	13	1	10.392	0	0	0
13	21	0	3.8462	0	0	0
13	21	1	10.49	0	0	0
13	34	0	5.9615	0	0	0
13	34	1	11.961	0	0	0
13	55	0	5.6731	0	0	0
13	55	1	11.961	0	0	0
13	90	0	7.8846	0	0	0
13	90	1	11.176	0	0	0
14	0	0	6.891	0	0	1
14	0	1	3.8308	0	0	1
14	8	0	12.404	0	0	1
14	8	1	5.6863	0	0	1
14	13	0	13.846	0	0	1
14	13	1	9.0196	0	0	1
14	21	0	20.192	0	0	1
14	21	1	17.745	0	0	1
14	34	0	29.423	0	0	1
14	34	1	23.333	0	0	1
14	55	0	36.346	0	0	1
14	55	1	31.961	0	0	1
14	90	0	37.212	0	0	1
14	90	1	40.686	0	0	1
15	0	0	10.702	0	0	0
15	0	1	14.325	0	0	0
15	8	0	17.596	0	0	0
15	8	1	18.431	0	0	0
15	13	0	22.692	0	0	0
15	13	1	22.647	0	0	0
15	21	0	25.096	0	0	0
15	21	1	30.392	0	0	0
15	34	0	33.558	0	0	0
15	34	1	32.353	0	0	0
15	55	0	43.558	0	0	0
15	55	1	45.882	0	0	0
15	90	0	52.885	0	0	0
15	90	1	60.196	0	0	0
16	0	0	6.6061	0	0	0
16	0	1	11.529	0	0	0
16	8	0	10	0	0	0
16	8	1	15.196	0	0	0
16	13	0	13.75	0	0	0
16	13	1	15.098	0	0	0
16	21	0	12.692	0	0	0
16	21	1	18.431	0	0	0
16	34	0	17.788	0	0	0
16	34	1	22.157	0	0	0
16	55	0	20.288	0	0	0
16	55	1	25.686	0	0	0
16	90	0	24.808	0	0	0
16	90	1	27.941	0	0	0
17	0	0	19.578	0	0	0
17	0	1	21.269	0	0	0
17	8	0	29.135	0	0	0
17	8	1	25.294	0	0	0
17	13	0	28.558	0	0	0
17	13	1	27.647	0	0	0
17	21	0	26.25	0	0	0
17	21	1	33.235	0	0	0
17	34	0	33.942	0	0	0
17	34	1	35.49	0	0	0
17	55	0	35.673	0	0	0
17	55	1	37.843	0	0	0
17	90	0	38.173	0	0	0
17	90	1	37.941	0	0	0
18	0	0	14.387	0	0	0
18	0	1	27.269	0	0	0
18	8	0	22.404	0	0	0
18	8	1	36.961	0	0	0
18	13	0	29.135	0	0	0
18	13	1	36.961	0	0	0
18	21	0	31.154	0	0	0
18	21	1	47.353	0	0	0
18	34	0	41.058	0	0	0
18	34	1	46.765	0	0	0
18	55	0	42.885	0	0	0
18	55	1	57.941	0	0	0
18	90	0	43.654	0	0	0
18	90	1	62.941	0	0	0
19	0	0	3.4099	0	0	0
19	0	1	9.8312	0	0	0
19	8	0	3.3654	0	0	0
19	8	1	9.0196	0	0	0
19	13	0	3.75	0	0	0
19	13	1	10.392	0	0	0
19	21	0	2.5962	0	0	0
19	21	1	9.3137	0	0	0
19	34	0	4.6154	0	0	0
19	34	1	10.098	0	0	0
19	55	0	5.6731	0	0	0
19	55	1	9.7059	0	0	0
19	90	0	7.4038	0	0	0
19	90	1	11.765	0	0	0
20	0	0	1.7183	0	0	0
20	0	1	15.505	0	0	0
20	8	0	1.7308	0	0	0
20	8	1	15.686	0	0	0
20	13	0	2.5962	0	0	0
20	13	1	15.392	0	0	0
20	21	0	2.0192	0	0	0
20	21	1	15.588	0	0	0
20	34	0	2.4038	0	0	0
20	34	1	19.706	0	0	0
20	55	0	3.2692	0	0	0
20	55	1	19.51	0	0	0
20	90	0	3.8462	0	0	0
20	90	1	18.039	0	0	0
21	0	0	7.8793	0	0	0
21	0	1	25.036	0	0	0
21	8	0	7.5	0	0	0
21	8	1	23.235	0	0	0
21	13	0	8.4615	0	0	0
21	13	1	26.078	0	0	0
21	21	0	7.6923	0	0	0
21	21	1	26.275	0	0	0
21	34	0	9.9038	0	0	0
21	34	1	26.471	0	0	0
21	55	0	11.538	0	0	0
21	55	1	30.098	0	0	0
21	90	0	16.538	0	0	0
21	90	1	34.51	0	0	0
22	0	0	2.7778	0	0	0
22	0	1	12.718	0	0	0
22	8	0	3.2692	0	0	0
22	8	1	12.843	0	0	0
22	13	0	2.5	0	0	0
22	13	1	12.451	0	0	0
22	21	0	1.7308	0	0	0
22	21	1	12.941	0	0	0
22	34	0	3.1731	0	0	0
22	34	1	15.294	0	0	0
22	55	0	5.4808	0	0	0
22	55	1	15.882	0	0	0
22	90	0	7.2115	0	0	0
22	90	1	18.333	0	0	0
23	0	0	18.367	0	0	0
23	0	1	26.171	0	0	0
23	8	0	17.404	0	0	0
23	8	1	24.412	0	0	0
23	13	0	18.654	0	0	0
23	13	1	26.078	0	0	0
23	21	0	20.096	0	0	0
23	21	1	24.902	0	0	0
23	34	0	18.173	0	0	0
23	34	1	22.941	0	0	0
23	55	0	18.173	0	0	0
23	55	1	24.608	0	0	0
23	90	0	24.423	0	0	0
23	90	1	26.667	0	0	0
24	0	0	7.9327	0	0	0
24	0	1	9.4227	0	0	0
24	8	0	7.8846	0	0	0
24	8	1	8.5294	0	0	0
24	13	0	8.9423	0	0	0
24	13	1	8.8235	0	0	0
24	21	0	10.865	0	0	0
24	21	1	10.784	0	0	0
24	34	0	10.288	0	0	0
24	34	1	9.6078	0	0	0
24	55	0	13.173	0	0	0
24	55	1	10.882	0	0	0
24	90	0	13.846	0	0	0
24	90	1	14.02	0	0	0
25	0	0	6.063	0	0	0
25	0	1	6.4361	0	0	0
25	8	0	6.0577	0	0	0
25	8	1	5.4902	0	0	0
25	13	0	6.9231	0	0	0
25	13	1	7.9412	0	0	0
25	21	0	7.6923	0	0	0
25	21	1	10.686	0	0	0
25	34	0	11.154	0	0	0
25	34	1	11.667	0	0	0
25	55	0	15.481	0	0	0
25	55	1	14.706	0	0	0
25	90	0	25.288	0	0	0
25	90	1	25	0	0	0
26	0	0	6.3301	0	0	0
26	0	1	16.104	0	0	0
26	8	0	7.2115	0	0	0
26	8	1	18.235	0	0	0
26	13	0	7.4038	0	0	0
26	13	1	11.667	0	0	0
26	21	0	8.2692	0	0	0
26	21	1	18.431	0	0	0
26	34	0	10.865	0	0	0
26	34	1	18.137	0	0	0
26	55	0	14.712	0	0	0
26	55	1	22.941	0	0	0
26	90	0	20	0	0	0
26	90	1	28.529	0	0	0
27	0	0	3.6325	0	0	0
27	0	1	2.8595	0	0	0
27	8	0	5.2885	0	0	0
27	8	1	5.6863	0	0	0
27	13	0	8.4615	0	0	0
27	13	1	7.2549	0	0	0
27	21	0	12.212	0	0	0
27	21	1	11.078	0	0	0
27	34	0	14.519	0	0	0
27	34	1	14.706	0	0	0
27	55	0	16.538	0	0	0
27	55	1	16.569	0	0	0
27	90	0	16.923	0	0	0
27	90	1	22.255	0	0	0
28	0	0	17.557	0	0	0
28	0	1	15.305	0	0	0
28	8	0	23.654	0	0	0
28	8	1	19.608	0	0	0
28	13	0	27.115	0	0	0
28	13	1	23.039	0	0	0
28	21	0	30.673	0	0	0
28	21	1	30.686	0	0	0
28	34	0	35.673	0	0	0
28	34	1	33.431	0	0	0
28	55	0	39.904	0	0	0
28	55	1	40.686	0	0	0
28	90	0	42.596	0	0	0
28	90	1	45.588	0	0	0
29	0	0	10.586	0	0	0
29	0	1	8.9052	0	0	0
29	8	0	18.173	0	0	0
29	8	1	13.725	0	0	0
29	13	0	20.481	0	0	0
29	13	1	17.451	0	0	0
29	21	0	25.288	0	0	0
29	21	1	21.863	0	0	0
29	34	0	31.538	0	0	0
29	34	1	24.902	0	0	0
29	55	0	37.5	0	0	0
29	55	1	37.353	0	0	0
29	90	0	43.942	0	0	0
29	90	1	40.686	0	0	0
30	0	0	5.7514	0	0	0
30	0	1	3.6583	0	0	0
30	8	0	7.4038	0	0	0
30	8	1	3.5294	0	0	0
30	13	0	7.2115	0	0	0
30	13	1	4.8039	0	0	0
30	21	0	10.096	0	0	0
30	21	1	6.9608	0	0	0
30	34	0	11.058	0	0	0
30	34	1	11.275	0	0	0
30	55	0	15.962	0	0	0
30	55	1	15.196	0	0	0
30	90	0	23.077	0	0	0
30	90	1	18.333	0	0	0
31	0	0	8.2354	0	0	0
31	0	1	9.2411	0	0	0
31	8	0	8.8462	0	0	0
31	8	1	9.5098	0	0	0
31	13	0	12.019	0	0	0
31	13	1	9.6078	0	0	0
31	21	0	14.904	0	0	0
31	21	1	14.706	0	0	0
31	34	0	19.327	0	0	0
31	34	1	16.078	0	0	0
31	55	0	22.5	0	0	0
31	55	1	24.412	0	0	0
31	90	0	28.558	0	0	0
31	90	1	34.51	0	0	0
32	0	0	9.4106	0	0	0
32	0	1	13.09	0	0	0
32	8	0	11.731	0	0	0
32	8	1	16.078	0	0	0
32	13	0	16.25	0	0	0
32	13	1	17.941	0	0	0
32	21	0	15.096	0	0	0
32	21	1	20.098	0	0	0
32	34	0	22.596	0	0	0
32	34	1	22.941	0	0	0
32	55	0	26.538	0	0	0
32	55	1	31.275	0	0	0
32	90	0	35.769	0	0	0
32	90	1	40.686	0	0	0
33	0	0	1.7361	0	0	0
33	0	1	3.74	0	0	0
33	8	0	1.6346	0	0	0
33	8	1	3.8235	0	0	0
33	13	0	2.6923	0	0	0
33	13	1	4.1176	0	0	0
33	21	0	3.2692	0	0	0
33	21	1	8.0392	0	0	0
33	34	0	7.1154	0	0	0
33	34	1	7.549	0	0	0
33	55	0	10.673	0	0	0
33	55	1	11.471	0	0	0
33	90	0	14.327	0	0	0
33	90	1	17.843	0	0	0
34	0	0	2.8134	0	0	0
34	0	1	5.8551	0	0	0
34	8	0	3.6538	0	0	0
34	8	1	5.8824	0	0	0
34	13	0	3.1731	0	0	0
34	13	1	5.1961	0	0	0
34	21	0	3.2692	0	0	0
34	21	1	7.6471	0	0	0
34	34	0	6.0577	0	0	0
34	34	1	7.6471	0	0	0
34	55	0	7.2115	0	0	0
34	55	1	10.784	0	0	0
34	90	0	10.962	0	0	0
34	90	1	12.843	0	0	0
35	0	0	6.0096	0	0	0
35	0	1	5.5283	0	0	0
35	8	0	6.25	0	0	0
35	8	1	5.6863	0	0	0
35	13	0	6.1538	0	0	0
35	13	1	4.8039	0	0	0
35	21	0	6.5385	0	0	0
35	21	1	5	0	0	0
35	34	0	6.7308	0	0	0
35	34	1	7.451	0	0	0
35	55	0	8.0769	0	0	0
35	55	1	9.0196	0	0	0
35	90	0	13.077	0	0	0
35	90	1	14.412	0	0	0
36	0	0	5.9206	0	0	0
36	0	1	9.695	0	0	0
36	8	0	5.2885	0	0	0
36	8	1	9.7059	0	0	0
36	13	0	6.5385	0	0	0
36	13	1	9.8039	0	0	0
36	21	0	5.3846	0	0	0
36	21	1	10	0	0	0
36	34	0	5.6731	0	0	0
36	34	1	11.078	0	0	0
36	55	0	6.25	0	0	0
36	55	1	12.843	0	0	0
36	90	0	10	0	0	0
36	90	1	16.373	0	0	0
37	0	0	6.1165	0	0	0
37	0	1	13.916	0	0	0
37	8	0	6.25	0	0	0
37	8	1	14.118	0	0	0
37	13	0	7.5962	0	0	0
37	13	1	13.333	0	0	0
37	21	0	5.2885	0	0	0
37	21	1	17.353	0	0	0
37	34	0	7.2115	0	0	0
37	34	1	14.02	0	0	0
37	55	0	12.404	0	0	0
37	55	1	20	0	0	0
37	90	0	16.442	0	0	0
37	90	1	26.176	0	0	0
38	0	0	12.723	0	0	0
38	0	1	16.258	0	0	0
38	8	0	13.654	0	0	0
38	8	1	17.647	0	0	0
38	13	0	15.865	0	0	0
38	13	1	15.784	0	0	0
38	21	0	14.135	0	0	0
38	21	1	18.922	0	0	0
38	34	0	17.212	0	0	0
38	34	1	19.608	0	0	0
38	55	0	25.096	0	0	0
38	55	1	25.686	0	0	0
38	90	0	33.654	0	0	0
38	90	1	37.353	0	0	0
39	0	0	17.213	0	0	1
39	0	1	29.5	0	0	1
39	8	0	18.8	0	0	1
39	8	1	29.8	0	0	1
39	13	0	17.4	0	0	1
39	13	1	29.1	0	0	1
39	21	0	18.4	0	0	1
39	21	1	31.3	0	0	1
39	34	0	18.7	0	0	1
39	34	1	31.7	0	0	1
39	55	0	16.8	0	0	1
39	55	1	30.5	0	0	1
39	90	0	21.1	0	0	1
39	90	1	29.9	0	0	1
40	0	0	8.8426	0	0	0
40	0	1	6.1667	0	0	0
40	8	0	9	0	0	0
40	8	1	4.4	0	0	0
40	13	0	9.7	0	0	0
40	13	1	6.9	0	0	0
40	21	0	8.2	0	0	0
40	21	1	6.7	0	0	0
40	34	0	11.3	0	0	0
40	34	1	4.3	0	0	0
40	55	0	12.6	0	0	0
40	55	1	5.9	0	0	0
40	90	0	12.1	0	0	0
40	90	1	6.4	0	0	0
41	0	0	9.0648	0	0	0
41	0	1	5.2685	0	0	0
41	8	0	8.7	0	0	0
41	8	1	5.5	0	0	0
41	13	0	9.4	0	0	0
41	13	1	6	0	0	0
41	21	0	8.1	0	0	0
41	21	1	4.8	0	0	0
41	34	0	9.9	0	0	0
41	34	1	4.4	0	0	0
41	55	0	9.8	0	0	0
41	55	1	5.6	0	0	0
41	90	0	9	0	0	0
41	90	1	7.4	0	0	0
42	0	0	16.176	0	0	0
42	0	1	18.231	0	0	0
42	8	0	21	0	0	0
42	8	1	19.6	0	0	0
42	13	0	18.6	0	0	0
42	13	1	24.2	0	0	0
42	21	0	15.9	0	0	0
42	21	1	16.6	0	0	0
42	34	0	18.3	0	0	0
42	34	1	15.1	0	0	0
42	55	0	18.1	0	0	0
42	55	1	21.1	0	0	0
42	90	0	19.5	0	0	0
42	90	1	20.9	0	0	0
43	0	0	12.481	0	0	0
43	0	1	7.2222	0	0	0
43	8	0	14.7	0	0	0
43	8	1	6.9	0	0	0
43	13	0	12.5	0	0	0
43	13	1	8.4	0	0	0
43	21	0	11.5	0	0	0
43	21	1	9.6	0	0	0
43	34	0	15	0	0	0
43	34	1	7	0	0	0
43	55	0	15.3	0	0	0
43	55	1	8.6	0	0	0
43	90	0	15.6	0	0	0
43	90	1	10.5	0	0	0
44	0	0	6.4167	0	0	0
44	0	1	3.1111	0	0	0
44	8	0	7.9	0	0	0
44	8	1	2.9	0	0	0
44	13	0	5.8	0	0	0
44	13	1	2.9	0	0	0
44	21	0	5.9	0	0	0
44	21	1	4.1	0	0	0
44	34	0	7.1	0	0	0
44	34	1	3	0	0	0
44	55	0	6.7	0	0	0
44	55	1	3.9	0	0	0
44	90	0	9.2	0	0	0
44	90	1	4.9	0	0	0
45	0	0	8.3519	0	0	0
45	0	1	8.037	0	0	0
45	8	0	9.6	0	0	0
45	8	1	7.5	0	0	0
45	13	0	7.4	0	0	0
45	13	1	9.9	0	0	0
45	21	0	8.5	0	0	0
45	21	1	8.2	0	0	0
45	34	0	11.1	0	0	0
45	34	1	6.4	0	0	0
45	55	0	8.1	0	0	0
45	55	1	8.8	0	0	0
45	90	0	12	0	0	0
45	90	1	10.3	0	0	0
46	0	0	24.646	0	0	0
46	0	1	22.722	0	0	0
46	8	0	21.471	0	0	0
46	8	1	22	0	0	0
46	13	0	21.373	0	0	0
46	13	1	23.3	0	0	0
46	21	0	30.784	0	0	0
46	21	1	22.5	0	0	0
46	34	0	26.569	0	0	0
46	34	1	26.9	0	0	0
46	55	0	23.627	0	0	0
46	55	1	27	0	0	0
46	90	0	25.196	0	0	0
46	90	1	20.6	0	0	0
47	0	0	13.58	0	0	0
47	0	1	14.12	0	0	0
47	8	0	13.627	0	0	0
47	8	1	14.3	0	0	0
47	13	0	14.51	0	0	0
47	13	1	14.9	0	0	0
47	21	0	19.706	0	0	0
47	21	1	14.1	0	0	0
47	34	0	20.686	0	0	0
47	34	1	17.8	0	0	0
47	55	0	26.569	0	0	0
47	55	1	18.4	0	0	0
47	90	0	25.98	0	0	0
47	90	1	21.2	0	0	0
48	0	0	4.8929	0	0	0
48	0	1	13.722	0	0	0
48	8	0	5.4902	0	0	0
48	8	1	13.3	0	0	0
48	13	0	4.4118	0	0	0
48	13	1	12.1	0	0	0
48	21	0	5.2941	0	0	0
48	21	1	13.7	0	0	0
48	34	0	6.0784	0	0	0
48	34	1	15.4	0	0	0
48	55	0	6.1765	0	0	0
48	55	1	14.5	0	0	0
48	90	0	7.1569	0	0	0
48	90	1	13.8	0	0	0
49	0	0	1.5886	0	0	0
49	0	1	7.1204	0	0	0
49	8	0	3.1373	0	0	0
49	8	1	7	0	0	0
49	13	0	2.3529	0	0	0
49	13	1	7.4	0	0	0
49	21	0	3.2353	0	0	0
49	21	1	9.1	0	0	0
49	34	0	5.2941	0	0	0
49	34	1	9.8	0	0	0
49	55	0	9.4118	0	0	0
49	55	1	8.3	0	0	0
49	90	0	15.098	0	0	0
49	90	1	11.5	0	0	0
50	0	0	2.1204	0	0	1
50	0	1	26.546	0	0	1
50	8	0	2.7	0	0	1
50	8	1	26.7	0	0	1
50	13	0	3.5	0	0	1
50	13	1	28.2	0	0	1
50	21	0	4.7	0	0	1
50	21	1	28.8	0	0	1
50	34	0	5.2	0	0	1
50	34	1	32.8	0	0	1
50	55	0	11.8	0	0	1
50	55	1	34.6	0	0	1
50	90	0	18.9	0	0	1
50	90	1	40	0	0	1
51	0	0	10.972	0	0	0
51	0	1	17.593	0	0	0
51	8	0	12.3	0	0	0
51	8	1	15.9	0	0	0
51	13	0	14.1	0	0	0
51	13	1	16.6	0	0	0
51	21	0	12.4	0	0	0
51	21	1	18.7	0	0	0
51	34	0	10.5	0	0	0
51	34	1	20.9	0	0	0
51	55	0	15.4	0	0	0
51	55	1	20.9	0	0	0
51	90	0	16.1	0	0	0
51	90	1	19.6	0	0	0
52	0	0	17.843	0	0	0
52	0	1	17.926	0	0	0
52	8	0	25.7	0	0	0
52	8	1	22	0	0	0
52	13	0	24.9	0	0	0
52	13	1	21.9	0	0	0
52	21	0	29.8	0	0	0
52	21	1	25.3	0	0	0
52	34	0	29.9	0	0	0
52	34	1	28.7	0	0	0
52	55	0	34.5	0	0	0
52	55	1	28.6	0	0	0
52	90	0	36.1	0	0	0
52	90	1	31.8	0	0	0
53	0	0	4.7222	0	0	0
53	0	1	4.9074	0	0	0
53	8	0	4.6	0	0	0
53	8	1	6.1	0	0	0
53	13	0	4.7	0	0	0
53	13	1	3.8	0	0	0
53	21	0	4.4	0	0	0
53	21	1	5.5	0	0	0
53	34	0	4.4	0	0	0
53	34	1	5.5	0	0	0
53	55	0	5.3	0	0	0
53	55	1	4.3	0	0	0
53	90	0	6.7	0	0	0
53	90	1	7.8	0	0	0
54	0	0	1.7407	0	0	0
54	0	1	2.287	0	0	0
54	8	0	2.9	0	0	0
54	8	1	1.4	0	0	0
54	13	0	1.1	0	0	0
54	13	1	1.7	0	0	0
54	21	0	1.8	0	0	0
54	21	1	2.2	0	0	0
54	34	0	1.5	0	0	0
54	34	1	1.5	0	0	0
54	55	0	2	0	0	0
54	55	1	1.8	0	0	0
54	90	0	3.4	0	0	0
54	90	1	4.7	0	0	0
55	0	0	7.9722	0	0	0
55	0	1	10.602	0	0	0
55	8	0	9	0	0	0
55	8	1	11.6	0	0	0
55	13	0	8.4	0	0	0
55	13	1	10.1	0	0	0
55	21	0	7.3	0	0	0
55	21	1	9.4	0	0	0
55	34	0	7.6	0	0	0
55	34	1	10.7	0	0	0
55	55	0	10.3	0	0	0
55	55	1	12.1	0	0	0
55	90	0	11.3	0	0	0
55	90	1	13	0	0	0
56	0	0	5.1944	0	0	0
56	0	1	7.0278	0	0	0
56	8	0	5.2	0	0	0
56	8	1	7.3	0	0	0
56	13	0	4.8	0	0	0
56	13	1	7.8	0	0	0
56	21	0	5.1	0	0	0
56	21	1	5.7	0	0	0
56	34	0	6.1	0	0	0
56	34	1	6.5	0	0	0
56	55	0	8.6	0	0	0
56	55	1	8.1	0	0	0
56	90	0	14.5	0	0	0
56	90	1	16.4	0	0	0
57	0	0	17.935	0	0	0
57	0	1	21.62	0	0	0
57	8	0	19.6	0	0	0
57	8	1	23.2	0	0	0
57	13	0	17.9	0	0	0
57	13	1	21.7	0	0	0
57	21	0	18.6	0	0	0
57	21	1	19.5	0	0	0
57	34	0	17.1	0	0	0
57	34	1	18.8	0	0	0
57	55	0	20.2	0	0	0
57	55	1	22.9	0	0	0
57	90	0	35	0	0	0
57	90	1	35.1	0	0	0
58	0	0	1.1574	0	0	0
58	0	1	3.4815	0	0	0
58	8	0	1.2	0	0	0
58	8	1	2.6	0	0	0
58	13	0	1.4	0	0	0
58	13	1	3.4	0	0	0
58	21	0	1.4	0	0	0
58	21	1	3.5	0	0	0
58	34	0	2	0	0	0
58	34	1	2.8	0	0	0
58	55	0	2.8	0	0	0
58	55	1	4.8	0	0	0
58	90	0	5.8	0	0	0
58	90	1	8.1	0	0	0
59	0	0	0.67593	0	0	0
59	0	1	1.0926	0	0	0
59	8	0	0.8	0	0	0
59	8	1	1.2	0	0	0
59	13	0	0.7	0	0	0
59	13	1	1.5	0	0	0
59	21	0	0.7	0	0	0
59	21	1	1.5	0	0	0
59	34	0	1	0	0	0
59	34	1	1.8	0	0	0
59	55	0	2.2	0	0	0
59	55	1	3.4	0	0	0
59	90	0	5.7	0	0	0
59	90	1	7.4	0	0	0
60	0	0	0.89815	0	0	0
60	0	1	1.4167	0	0	0
60	8	0	1.2	0	0	0
60	8	1	1.6	0	0	0
60	13	0	1.3	0	0	0
60	13	1	1.3	0	0	0
60	21	0	1	0	0	0
60	21	1	1.5	0	0	0
60	34	0	1	0	0	0
60	34	1	2	0	0	0
60	55	0	2.4	0	0	0
60	55	1	2.2	0	0	0
60	90	0	6.5	0	0	0
60	90	1	7.6	0	0	0
61	0	0	3.1759	0	0	0
61	0	1	5.1481	0	0	0
61	8	0	3	0	0	0
61	8	1	3.9	0	0	0
61	13	0	3.9	0	0	0
61	13	1	5.8	0	0	0
61	21	0	3.5	0	0	0
61	21	1	6.1	0	0	0
61	34	0	6	0	0	0
61	34	1	7.8	0	0	0
61	55	0	9.7	0	0	0
61	55	1	11.6	0	0	0
61	90	0	21.9	0	0	0
61	90	1	26.3	0	0	0
62	0	0	2.8426	0	0	1
62	0	1	5.1481	0	0	1
62	8	0	3.6	0	0	1
62	8	1	6.3	0	0	1
62	13	0	4.2	0	0	1
62	13	1	6.6	0	0	1
62	21	0	4.9	0	0	1
62	21	1	8.2	0	0	1
62	34	0	5.4	0	0	1
62	34	1	7.6	0	0	1
62	55	0	7.8	0	0	1
62	55	1	12.1	0	0	1
62	90	0	16.3	0	0	1
62	90	1	24.8	0	0	1
63	0	0	14.407	0	0	0
63	0	1	17.657	0	0	0
63	8	0	14.4	0	0	0
63	8	1	18.2	0	0	0
63	13	0	17.9	0	0	0
63	13	1	22.8	0	0	0
63	21	0	19.6	0	0	0
63	21	1	27	0	0	0
63	34	0	25.5	0	0	0
63	34	1	32.7	0	0	0
63	55	0	34	0	0	0
63	55	1	40.5	0	0	0
63	90	0	53.9	0	0	0
63	90	1	51	0	0	0
64	0	0	17.75	0	0	0
64	0	1	20.815	0	0	0
64	8	0	19.4	0	0	0
64	8	1	19.4	0	0	0
64	13	0	18.9	0	0	0
64	13	1	18.8	0	0	0
64	21	0	15.1	0	0	0
64	21	1	19.2	0	0	0
64	34	0	16.1	0	0	0
64	34	1	21.7	0	0	0
64	55	0	21.4	0	0	0
64	55	1	20.9	0	0	0
64	90	0	28.4	0	0	0
64	90	1	26.2	0	0	0
65	0	0	4.9722	0	0	0
65	0	1	5.5278	0	0	0
65	8	0	6	0	0	0
65	8	1	5.2	0	0	0
65	13	0	4.8	0	0	0
65	13	1	6.2	0	0	0
65	21	0	4.2	0	0	0
65	21	1	6.6	0	0	0
65	34	0	5.4	0	0	0
65	34	1	4.6	0	0	0
65	55	0	4.7	0	0	0
65	55	1	6.2	0	0	0
65	90	0	8	0	0	0
65	90	1	9.9	0	0	0
66	0	0	9.0926	0	0	0
66	0	1	9.6296	0	0	0
66	8	0	8.8	0	0	0
66	8	1	7.8	0	0	0
66	13	0	9.9	0	0	0
66	13	1	8.6	0	0	0
66	21	0	9.5	0	0	0
66	21	1	9.6	0	0	0
66	34	0	9.1	0	0	0
66	34	1	8.6	0	0	0
66	55	0	8.5	0	0	0
66	55	1	10	0	0	0
66	90	0	13.2	0	0	0
66	90	1	13.9	0	0	0
67	0	0	1.8148	0	0	1
67	0	1	2.75	0	0	1
67	8	0	1.8	0	0	1
67	8	1	3	0	0	1
67	13	0	1.2	0	0	1
67	13	1	3.5	0	0	1
67	21	0	2.2	0	0	1
67	21	1	3.3	0	0	1
67	34	0	1.6	0	0	1
67	34	1	2.8	0	0	1
67	55	0	1	0	0	1
67	55	1	2.8	0	0	1
67	90	0	3.4	0	0	1
67	90	1	4.9	0	0	1
68	0	0	0.18519	0	0	0
68	0	1	0.44444	0	0	0
68	8	0	0.6	0	0	0
68	8	1	0.2	0	0	0
68	13	0	0.4	0	0	0
68	13	1	0.3	0	0	0
68	21	0	0.3	0	0	0
68	21	1	0.6	0	0	0
68	34	0	0.7	0	0	0
68	34	1	1.1	0	0	0
68	55	0	1.3	0	0	0
68	55	1	1.7	0	0	0
68	90	0	2.8	0	0	0
68	90	1	5	0	0	0
69	0	0	9.2963	0	0	0
69	0	1	13.065	0	0	0
69	8	0	10.7	0	0	0
69	8	1	13.5	0	0	0
69	13	0	13.7	0	0	0
69	13	1	16.4	0	0	0
69	21	0	17.8	0	0	0
69	21	1	21.2	0	0	0
69	34	0	20.8	0	0	0
69	34	1	25.2	0	0	0
69	55	0	34.3	0	0	0
69	55	1	37.7	0	0	0
69	90	0	49.9	0	0	0
69	90	1	46.4	0	0	0
70	0	0	0.74074	0	0	0
70	0	1	3.3333	0	0	0
70	8	0	0.7	0	0	0
70	8	1	2.9	0	0	0
70	13	0	1	0	0	0
70	13	1	3.8	0	0	0
70	21	0	0.5	0	0	0
70	21	1	3.3	0	0	0
70	34	0	1.1	0	0	0
70	34	1	5	0	0	0
70	55	0	5.2	0	0	0
70	55	1	12.7	0	0	0
70	90	0	24.1	0	0	0
70	90	1	32	0	0	0
71	0	0	2.5	0	0	0
71	0	1	4.1296	0	0	0
71	8	0	2.5	0	0	0
71	8	1	4.2	0	0	0
71	13	0	2.7	0	0	0
71	13	1	4.3	0	0	0
71	21	0	3.6	0	0	0
71	21	1	4.7	0	0	0
71	34	0	3	0	0	0
71	34	1	4	0	0	0
71	55	0	4.5	0	0	0
71	55	1	5	0	0	0
71	90	0	9.6	0	0	0
71	90	1	11.9	0	0	0
72	0	0	2.4074	0	0	1
72	0	1	4.2778	0	0	1
72	8	0	3.8	0	0	1
72	8	1	5.9	0	0	1
72	13	0	4.8	0	0	1
72	13	1	6.1	0	0	1
72	21	0	6	0	0	1
72	21	1	11.1	0	0	1
72	34	0	10.1	0	0	1
72	34	1	13.2	0	0	1
72	55	0	12.8	0	0	1
72	55	1	14.1	0	0	1
72	90	0	15.2	0	0	1
72	90	1	18.4	0	0	1
73	0	0	4.5833	0	0	0
73	0	1	11.676	0	0	0
73	8	0	4.2	0	0	0
73	8	1	13	0	0	0
73	13	0	7.6	0	0	0
73	13	1	13	0	0	0
73	21	0	9.1	0	0	0
73	21	1	16.9	0	0	0
73	34	0	11.3	0	0	0
73	34	1	15.9	0	0	0
73	55	0	15.2	0	0	0
73	55	1	19.5	0	0	0
73	90	0	17.4	0	0	0
73	90	1	23.4	0	0	0
74	0	0	4.4352	0	0	0
74	0	1	6.2685	0	0	0
74	8	0	5.7	0	0	0
74	8	1	8.3	0	0	0
74	13	0	7	0	0	0
74	13	1	9.7	0	0	0
74	21	0	10.9	0	0	0
74	21	1	11.7	0	0	0
74	34	0	13.3	0	0	0
74	34	1	17.1	0	0	0
74	55	0	18.7	0	0	0
74	55	1	23.1	0	0	0
74	90	0	30.1	0	0	0
74	90	1	34.3	0	0	0
75	0	0	5.9167	0	0	0
75	0	1	9.6667	0	0	0
75	8	0	8.1	0	0	0
75	8	1	10.9	0	0	0
75	13	0	10.4	0	0	0
75	13	1	14.1	0	0	0
75	21	0	15.4	0	0	0
75	21	1	20.6	0	0	0
75	34	0	19.8	0	0	0
75	34	1	27.1	0	0	0
75	55	0	29.2	0	0	0
75	55	1	35.2	0	0	0
75	90	0	42.4	0	0	0
75	90	1	44.7	0	0	0
76	0	0	6.3796	0	0	1
76	0	1	6.6019	0	0	1
76	8	0	5	0	0	1
76	8	1	6.2	0	0	1
76	13	0	4.8	0	0	1
76	13	1	7.3	0	0	1
76	21	0	7.4	0	0	1
76	21	1	6.3	0	0	1
76	34	0	5.4	0	0	1
76	34	1	6.7	0	0	1
76	55	0	8.5	0	0	1
76	55	1	11.9	0	0	1
76	90	0	18.4	0	0	1
76	90	1	20.6	0	0	1
77	0	0	3.8981	0	0	0
77	0	1	6.4537	0	0	0
77	8	0	3.7	0	0	0
77	8	1	5.9	0	0	0
77	13	0	3.8	0	0	0
77	13	1	6.1	0	0	0
77	21	0	4.2	0	0	0
77	21	1	6.7	0	0	0
77	34	0	3.7	0	0	0
77	34	1	6.2	0	0	0
77	55	0	4.3	0	0	0
77	55	1	7.8	0	0	0
77	90	0	10.1	0	0	0
77	90	1	11.1	0	0	0
78	0	0	1.9444	0	0	0
78	0	1	3.3148	0	0	0
78	8	0	0.9	0	0	0
78	8	1	2.8	0	0	0
78	13	0	2.2	0	0	0
78	13	1	2	0	0	0
78	21	0	2	0	0	0
78	21	1	2.8	0	0	0
78	34	0	1.9	0	0	0
78	34	1	2.3	0	0	0
78	55	0	1.9	0	0	0
78	55	1	4	0	0	0
78	90	0	4.3	0	0	0
78	90	1	8.5	0	0	0
79	0	0	4.3056	0	0	0
79	0	1	5.5741	0	0	0
79	8	0	3.8	0	0	0
79	8	1	5.2	0	0	0
79	13	0	4.6	0	0	0
79	13	1	4.9	0	0	0
79	21	0	6.3	0	0	0
79	21	1	6.6	0	0	0
79	34	0	5.8	0	0	0
79	34	1	6.8	0	0	0
79	55	0	6.7	0	0	0
79	55	1	8.1	0	0	0
79	90	0	15.9	0	0	0
79	90	1	18	0	0	0
80	0	0	5.2037	0	0	1
80	0	1	4.7963	0	0	1
80	8	0	4.1	0	0	1
80	8	1	6	0	0	1
80	13	0	4.7	0	0	1
80	13	1	4.4	0	0	1
80	21	0	8.6	0	0	1
80	21	1	5.3	0	0	1
80	34	0	6.8	0	0	1
80	34	1	5.5	0	0	1
80	55	0	8.1	0	0	1
80	55	1	7.2	0	0	1
80	90	0	11.8	0	0	1
80	90	1	14.6	0	0	1
81	0	0	5.1389	0	0	0
81	0	1	6.0926	0	0	0
81	8	0	5.7	0	0	0
81	8	1	6.5	0	0	0
81	13	0	6.9	0	0	0
81	13	1	4.7	0	0	0
81	21	0	5.6	0	0	0
81	21	1	7.5	0	0	0
81	34	0	7.3	0	0	0
81	34	1	5.6	0	0	0
81	55	0	8.9	0	0	0
81	55	1	8.7	0	0	0
81	90	0	15.2	0	0	0
81	90	1	17.4	0	0	0
82	0	0	2.0926	0	0	0
82	0	1	2.5556	0	0	0
82	8	0	1.7	0	0	0
82	8	1	2.5	0	0	0
82	13	0	2.7	0	0	0
82	13	1	4.2	0	0	0
82	21	0	2.8	0	0	0
82	21	1	2.9	0	0	0
82	34	0	4.3	0	0	0
82	34	1	4.4	0	0	0
82	55	0	5.4	0	0	0
82	55	1	5.2	0	0	0
82	90	0	9.6	0	0	0
82	90	1	9.3	0	0	0
83	0	0	6.2685	0	0	0
83	0	1	7.4352	0	0	0
83	8	0	7	0	0	0
83	8	1	7	0	0	0
83	13	0	7.3	0	0	0
83	13	1	9.7	0	0	0
83	21	0	7.8	0	0	0
83	21	1	7.7	0	0	0
83	34	0	11.2	0	0	0
83	34	1	10	0	0	0
83	55	0	15.9	0	0	0
83	55	1	13.8	0	0	0
83	90	0	20.7	0	0	0
83	90	1	22.1	0	0	0
84	0	0	1.0185	0	0	0
84	0	1	1.2407	0	0	0
84	8	0	1.1	0	0	0
84	8	1	1.3	0	0	0
84	13	0	0.5	0	0	0
84	13	1	0.9	0	0	0
84	21	0	1.2	0	0	0
84	21	1	1.8	0	0	0
84	34	0	1.3	0	0	0
84	34	1	1.8	0	0	0
84	55	0	2.2	0	0	0
84	55	1	2.9	0	0	0
84	90	0	3.7	0	0	0
84	90	1	5.4	0	0	0
85	0	0	0.92593	0	0	0
85	0	1	2.0278	0	0	0
85	8	0	1	0	0	0
85	8	1	1.3	0	0	0
85	13	0	1.4	0	0	0
85	13	1	1.7	0	0	0
85	21	0	0.5	0	0	0
85	21	1	3.8	0	0	0
85	34	0	1.3	0	0	0
85	34	1	1.6	0	0	0
85	55	0	1.7	0	0	0
85	55	1	3.2	0	0	0
85	90	0	3.2	0	0	0
85	90	1	5.5	0	0	0
86	0	0	0.56481	0	0	0
86	0	1	1.1204	0	0	0
86	8	0	1	0	0	0
86	8	1	0.7	0	0	0
86	13	0	1.1	0	0	0
86	13	1	1.1	0	0	0
86	21	0	1.1	0	0	0
86	21	1	0.9	0	0	0
86	34	0	0.5	0	0	0
86	34	1	1.6	0	0	0
86	55	0	2.1	0	0	0
86	55	1	3.1	0	0	0
86	90	0	3.1	0	0	0
86	90	1	4.4	0	0	0
87	0	0	2.1481	0	0	0
87	0	1	3.3981	0	0	0
87	8	0	2.3	0	0	0
87	8	1	2.8	0	0	0
87	13	0	1.7	0	0	0
87	13	1	2.9	0	0	0
87	21	0	1.8	0	0	0
87	21	1	4.4	0	0	0
87	34	0	3.1	0	0	0
87	34	1	5.2	0	0	0
87	55	0	4.3	0	0	0
87	55	1	7.2	0	0	0
87	90	0	10	0	0	0
87	90	1	13	0	0	0
88	0	0	2.0278	0	0	1
88	0	1	5.213	0	0	1
88	8	0	1.8	0	0	1
88	8	1	5.3	0	0	1
88	13	0	1.6	0	0	1
88	13	1	5	0	0	1
88	21	0	3	0	0	1
88	21	1	4.4	0	0	1
88	34	0	2.3	0	0	1
88	34	1	5.7	0	0	1
88	55	0	4.5	0	0	1
88	55	1	7	0	0	1
88	90	0	11.2	0	0	1
88	90	1	13.7	0	0	1
89	0	0	9.713	0	0	0
89	0	1	21.009	0	0	0
89	8	0	7.7	0	0	0
89	8	1	19.5	0	0	0
89	13	0	10.5	0	0	0
89	13	1	23.4	0	0	0
89	21	0	13.3	0	0	0
89	21	1	26.4	0	0	0
89	34	0	15.6	0	0	0
89	34	1	27.1	0	0	0
89	55	0	22.6	0	0	0
89	55	1	38.5	0	0	0
89	90	0	40.9	0	0	0
89	90	1	51.5	0	0	0
90	0	0	18.694	0	0	1
90	0	1	20.333	0	0	1
90	8	0	20.5	0	0	1
90	8	1	18.5	0	0	1
90	13	0	21.2	0	0	1
90	13	1	16.7	0	0	1
90	21	0	18.7	0	0	1
90	21	1	19.6	0	0	1
90	34	0	18.7	0	0	1
90	34	1	23.4	0	0	1
90	55	0	20.1	0	0	1
90	55	1	22.3	0	0	1
90	90	0	34.1	0	0	1
90	90	1	35.1	0	0	1
91	0	0	1.25	0	0	0
91	0	1	2.1667	0	0	0
91	8	0	0.9	0	0	0
91	8	1	2	0	0	0
91	13	0	1.3	0	0	0
91	13	1	2.3	0	0	0
91	21	0	1	0	0	0
91	21	1	2.4	0	0	0
91	34	0	1.1	0	0	0
91	34	1	1.9	0	0	0
91	55	0	1.3	0	0	0
91	55	1	2.3	0	0	0
91	90	0	3.7	0	0	0
91	90	1	7.8	0	0	0
92	0	0	1.6204	0	0	0
92	0	1	2.3704	0	0	0
92	8	0	1.9	0	0	0
92	8	1	2	0	0	0
92	13	0	1.4	0	0	0
92	13	1	1.8	0	0	0
92	21	0	1.9	0	0	0
92	21	1	2.5	0	0	0
92	34	0	2.1	0	0	0
92	34	1	1.6	0	0	0
92	55	0	3.3	0	0	0
92	55	1	3.4	0	0	0
92	90	0	7.4	0	0	0
92	90	1	10.4	0	0	0
93	0	0	12.528	0	0	0
93	0	1	21.269	0	0	0
93	8	0	13.1	0	0	0
93	8	1	22.3	0	0	0
93	13	0	13.1	0	0	0
93	13	1	21.2	0	0	0
93	21	0	13.4	0	0	0
93	21	1	20.6	0	0	0
93	34	0	15	0	0	0
93	34	1	25	0	0	0
93	55	0	20.3	0	0	0
93	55	1	25	0	0	0
93	90	0	29.5	0	0	0
93	90	1	29.7	0	0	0
94	0	0	1.5093	0	0	0
94	0	1	7.5556	0	0	0
94	8	0	1.7	0	0	0
94	8	1	7.8	0	0	0
94	13	0	1.5	0	0	0
94	13	1	6.7	0	0	0
94	21	0	1.4	0	0	0
94	21	1	6.6	0	0	0
94	34	0	2	0	0	0
94	34	1	8.2	0	0	0
94	55	0	3	0	0	0
94	55	1	15.4	0	0	0
94	90	0	7.2	0	0	0
94	90	1	20.8	0	0	0
95	0	0	2.7963	0	0	0
95	0	1	5.6019	0	0	0
95	8	0	2.8	0	0	0
95	8	1	6	0	0	0
95	13	0	3.4	0	0	0
95	13	1	4.9	0	0	0
95	21	0	3.3	0	0	0
95	21	1	6.1	0	0	0
95	34	0	3.9	0	0	0
95	34	1	6.3	0	0	0
95	55	0	7	0	0	0
95	55	1	8.8	0	0	0
95	90	0	9.1	0	0	0
95	90	1	13.7	0	0	0
96	0	0	3.0648	0	0	0
96	0	1	5.9815	0	0	0
96	8	0	3.2	0	0	0
96	8	1	5.7	0	0	0
96	13	0	3.3	0	0	0
96	13	1	6	0	0	0
96	21	0	3.7	0	0	0
96	21	1	7.8	0	0	0
96	34	0	3.1	0	0	0
96	34	1	5.3	0	0	0
96	55	0	4.2	0	0	0
96	55	1	4.8	0	0	0
96	90	0	5.4	0	0	0
96	90	1	8.5	0	0	0
97	0	0	7.3333	0	0	1
97	0	1	13.5	0	0	1
97	8	0	6.5	0	0	1
97	8	1	16	0	0	1
97	13	0	11.6	0	0	1
97	13	1	16.6	0	0	1
97	21	0	12.2	0	0	1
97	21	1	22.6	0	0	1
97	34	0	17	0	0	1
97	34	1	27.8	0	0	1
97	55	0	25.6	0	0	1
97	55	1	31.7	0	0	1
97	90	0	27.6	0	0	1
97	90	1	35.2	0	0	1
98	0	0	4.3611	0	0	0
98	0	1	13.13	0	0	0
98	8	0	6.1	0	0	0
98	8	1	13.2	0	0	0
98	13	0	5.8	0	0	0
98	13	1	14.3	0	0	0
98	21	0	5.9	0	0	0
98	21	1	12.6	0	0	0
98	34	0	6.1	0	0	0
98	34	1	13.2	0	0	0
98	55	0	6.4	0	0	0
98	55	1	15.7	0	0	0
98	90	0	11.9	0	0	0
98	90	1	17.6	0	0	0
99	0	0	6.4167	0	0	0
99	0	1	7.9074	0	0	0
99	8	0	7.1	0	0	0
99	8	1	8.8	0	0	0
99	13	0	8.2	0	0	0
99	13	1	9.1	0	0	0
99	21	0	10.2	0	0	0
99	21	1	11.5	0	0	0
99	34	0	11.4	0	0	0
99	34	1	12.8	0	0	0
99	55	0	12.2	0	0	0
99	55	1	16.5	0	0	0
99	90	0	17.7	0	0	0
99	90	1	20.3	0	0	0
100	0	0	5.213	0	0	0
100	0	1	9.963	0	0	0
100	8	0	6.5	0	0	0
100	8	1	10.3	0	0	0
100	13	0	6.8	0	0	0
100	13	1	12.4	0	0	0
100	21	0	9.8	0	0	0
100	21	1	13.6	0	0	0
100	34	0	12.8	0	0	0
100	34	1	15.6	0	0	0
100	55	0	16.4	0	0	0
100	55	1	21.9	0	0	0
100	90	0	21.1	0	0	0
100	90	1	23.1	0	0	0
101	0	0	4.6019	0	0	1
101	0	1	5.1852	0	0	1
101	8	0	5.1	0	0	1
101	8	1	4.8	0	0	1
101	13	0	6	0	0	1
101	13	1	5.2	0	0	1
101	21	0	4.3	0	0	1
101	21	1	5.7	0	0	1
101	34	0	6.2	0	0	1
101	34	1	12.7	0	0	1
101	55	0	17.6	0	0	1
101	55	1	21.3	0	0	1
101	90	0	25.8	0	0	1
101	90	1	26	0	0	1
102	0	0	5.2037	0	0	0
102	0	1	6.7407	0	0	0
102	8	0	5.3	0	0	0
102	8	1	7.3	0	0	0
102	13	0	6.1	0	0	0
102	13	1	7.2	0	0	0
102	21	0	6.2	0	0	0
102	21	1	6.4	0	0	0
102	34	0	5	0	0	0
102	34	1	7.7	0	0	0
102	55	0	7	0	0	0
102	55	1	8.9	0	0	0
102	90	0	8.6	0	0	0
102	90	1	12.6	0	0	0
103	0	0	2.9907	0	0	0
103	0	1	5.1111	0	0	0
103	8	0	3.3	0	0	0
103	8	1	5.1	0	0	0
103	13	0	3.5	0	0	0
103	13	1	5.5	0	0	0
103	21	0	3.3	0	0	0
103	21	1	5.5	0	0	0
103	34	0	2.9	0	0	0
103	34	1	6.7	0	0	0
103	55	0	5.7	0	0	0
103	55	1	9.6	0	0	0
103	90	0	8	0	0	0
103	90	1	12.8	0	0	0
104	0	0	4.5278	0	0	0
104	0	1	6.5463	0	0	0
104	8	0	5.6	0	0	0
104	8	1	7.3	0	0	0
104	13	0	4.5	0	0	0
104	13	1	7	0	0	0
104	21	0	4.8	0	0	0
104	21	1	6.2	0	0	0
104	34	0	4.9	0	0	0
104	34	1	7.9	0	0	0
104	55	0	6.8	0	0	0
104	55	1	10.6	0	0	0
104	90	0	11.2	0	0	0
104	90	1	12.1	0	0	0
105	0	0	3.1111	0	0	1
105	0	1	2.7963	0	0	1
105	8	0	3.4	0	0	1
105	8	1	2.9	0	0	1
105	13	0	3.1	0	0	1
105	13	1	2.5	0	0	1
105	21	0	3.5	0	0	1
105	21	1	2.6	0	0	1
105	34	0	3.7	0	0	1
105	34	1	2.6	0	0	1
105	55	0	3	0	0	1
105	55	1	2.8	0	0	1
105	90	0	6.4	0	0	1
105	90	1	5	0	0	1
106	0	0	4.0093	0	0	1
106	0	1	5.8704	0	0	1
106	8	0	4.8	0	0	1
106	8	1	5.8	0	0	1
106	13	0	5.5	0	0	1
106	13	1	6.4	0	0	1
106	21	0	5.9	0	0	1
106	21	1	6.1	0	0	1
106	34	0	3.5	0	0	1
106	34	1	7.8	0	0	1
106	55	0	6.8	0	0	1
106	55	1	8.3	0	0	1
106	90	0	10.6	0	0	1
106	90	1	9.7	0	0	1
107	0	0	5.8889	0	0	0
107	0	1	6.5278	0	0	0
107	8	0	5.7	0	0	0
107	8	1	7.7	0	0	0
107	13	0	5.3	0	0	0
107	13	1	8.3	0	0	0
107	21	0	5.9	0	0	0
107	21	1	8	0	0	0
107	34	0	7.6	0	0	0
107	34	1	8.1	0	0	0
107	55	0	8.8	0	0	0
107	55	1	9.9	0	0	0
107	90	0	15.8	0	0	0
107	90	1	16.6	0	0	0
108	0	0	0.85185	0	0	0
108	0	1	1.1296	0	0	0
108	8	0	1	0	0	0
108	8	1	1.3	0	0	0
108	13	0	1.2	0	0	0
108	13	1	1.6	0	0	0
108	21	0	2.1	0	0	0
108	21	1	3	0	0	0
108	34	0	3.6	0	0	0
108	34	1	4.1	0	0	0
108	55	0	6.5	0	0	0
108	55	1	8	0	0	0
108	90	0	8.2	0	0	0
108	90	1	8.8	0	0	0
109	0	0	3.0463	0	0	0
109	0	1	4.037	0	0	0
109	8	0	4.6	0	0	0
109	8	1	4.6	0	0	0
109	13	0	4.6	0	0	0
109	13	1	4.4	0	0	0
109	21	0	5.2	0	0	0
109	21	1	5.8	0	0	0
109	34	0	8	0	0	0
109	34	1	10.3	0	0	0
109	55	0	10.1	0	0	0
109	55	1	12.2	0	0	0
109	90	0	14.7	0	0	0
109	90	1	14.3	0	0	0
110	0	0	0.41667	0	0	0
110	0	1	3.7963	0	0	0
110	8	0	0.6	0	0	0
110	8	1	4	0	0	0
110	13	0	0.3	0	0	0
110	13	1	2.8	0	0	0
110	21	0	0.3	0	0	0
110	21	1	4	0	0	0
110	34	0	1.6	0	0	0
110	34	1	6.4	0	0	0
110	55	0	6.7	0	0	0
110	55	1	14	0	0	0
110	90	0	12.5	0	0	0
110	90	1	16.7	0	0	0
111	0	0	0.84259	0	0	0
111	0	1	1.9722	0	0	0
111	8	0	1.2	0	0	0
111	8	1	2.4	0	0	0
111	13	0	0.9	0	0	0
111	13	1	2.2	0	0	0
111	21	0	1.3	0	0	0
111	21	1	2.5	0	0	0
111	34	0	3.1	0	0	0
111	34	1	3.4	0	0	0
111	55	0	5.2	0	0	0
111	55	1	7.9	0	0	0
111	90	0	9.8	0	0	0
111	90	1	9.7	0	0	0
112	0	0	0.84259	0	0	0
112	0	1	2.787	0	0	0
112	8	0	1.6	0	0	0
112	8	1	4.1	0	0	0
112	13	0	2.4	0	0	0
112	13	1	4.4	0	0	0
112	21	0	2.7	0	0	0
112	21	1	7.4	0	0	0
112	34	0	9.3	0	0	0
112	34	1	12.1	0	0	0
112	55	0	13.4	0	0	0
112	55	1	19.1	0	0	0
112	90	0	15.7	0	0	0
112	90	1	18.1	0	0	0
113	0	0	0.58333	0	0	0
113	0	1	1.6759	0	0	0
113	8	0	1.4	0	0	0
113	8	1	2.5	0	0	0
113	13	0	1.6	0	0	0
113	13	1	2.6	0	0	0
113	21	0	3.4	0	0	0
113	21	1	5.9	0	0	0
113	34	0	3.9	0	0	0
113	34	1	8.2	0	0	0
113	55	0	8.9	0	0	0
113	55	1	13.2	0	0	0
113	90	0	11	0	0	0
113	90	1	15.9	0	0	0
114	0	0	2.1296	0	0	0
114	0	1	3.787	0	0	0
114	8	0	2.3	0	0	0
114	8	1	5.6	0	0	0
114	13	0	3.4	0	0	0
114	13	1	5.5	0	0	0
114	21	0	6.5	0	0	0
114	21	1	9.8	0	0	0
114	34	0	10.4	0	0	0
114	34	1	16.9	0	0	0
114	55	0	16.5	0	0	0
114	55	1	22.5	0	0	0
114	90	0	19	0	0	0
114	90	1	21.4	0	0	0
115	0	0	5.3333	0	0	1
115	0	1	12.759	0	0	1
115	8	0	5.2	0	0	1
115	8	1	12.7	0	0	1
115	13	0	3.6	0	0	1
115	13	1	12.6	0	0	1
115	21	0	5.7	0	0	1
115	21	1	10.4	0	0	1
115	34	0	8.5	0	0	1
115	34	1	13.3	0	0	1
115	55	0	14.8	0	0	1
115	55	1	17.8	0	0	1
115	90	0	23.8	0	0	1
115	90	1	24.2	0	0	1
116	0	0	8.75	0	0	1
116	0	1	10.991	0	0	1
116	8	0	8.4	0	0	1
116	8	1	12.3	0	0	1
116	13	0	11.4	0	0	1
116	13	1	12.7	0	0	1
116	21	0	9.5	0	0	1
116	21	1	11.5	0	0	1
116	34	0	9.5	0	0	1
116	34	1	11.6	0	0	1
116	55	0	12.7	0	0	1
116	55	1	13.9	0	0	1
116	90	0	14.7	0	0	1
116	90	1	19	0	0	1
117	0	0	10.722	0	0	0
117	0	1	28.417	0	0	0
117	8	0	10.9	0	0	0
117	8	1	31.1	0	0	0
117	13	0	11.5	0	0	0
117	13	1	30.2	0	0	0
117	21	0	14.2	0	0	0
117	21	1	33.8	0	0	0
117	34	0	20.6	0	0	0
117	34	1	38.5	0	0	0
117	55	0	31.6	0	0	0
117	55	1	45.5	0	0	0
117	90	0	44.1	0	0	0
117	90	1	56.8	0	0	0
118	0	0	21.806	0	0	1
118	0	1	26.102	0	0	1
118	8	0	25.5	0	0	1
118	8	1	25.6	0	0	1
118	13	0	19.1	0	0	1
118	13	1	25.9	0	0	1
118	21	0	22	0	0	1
118	21	1	25.6	0	0	1
118	34	0	20.8	0	0	1
118	34	1	24.8	0	0	1
118	55	0	25.3	0	0	1
118	55	1	30.2	0	0	1
118	90	0	38.5	0	0	1
118	90	1	47.4	0	0	1
119	0	0	1.9907	0	0	0
119	0	1	3.8426	0	0	0
119	8	0	2.5	0	0	0
119	8	1	2.2	0	0	0
119	13	0	1.5	0	0	0
119	13	1	4.3	0	0	0
119	21	0	2.4	0	0	0
119	21	1	3.9	0	0	0
119	34	0	2.6	0	0	0
119	34	1	4.3	0	0	0
119	55	0	3.1	0	0	0
119	55	1	4.7	0	0	0
119	90	0	5.6	0	0	0
119	90	1	7.3	0	0	0
120	0	0	1.9907	0	0	0
120	0	1	3.3148	0	0	0
120	8	0	2.6	0	0	0
120	8	1	2.9	0	0	0
120	13	0	1.6	0	0	0
120	13	1	2.2	0	0	0
120	21	0	1.5	0	0	0
120	21	1	3.4	0	0	0
120	34	0	2.5	0	0	0
120	34	1	3.7	0	0	0
120	55	0	2.2	0	0	0
120	55	1	3.3	0	0	0
120	90	0	6.8	0	0	0
120	90	1	9	0	0	0
121	0	0	1.3426	0	0	0
121	0	1	3.5741	0	0	0
121	8	0	1.3	0	0	0
121	8	1	2.7	0	0	0
121	13	0	2.1	0	0	0
121	13	1	4	0	0	0
121	21	0	1.6	0	0	0
121	21	1	2.9	0	0	0
121	34	0	2.1	0	0	0
121	34	1	7	0	0	0
121	55	0	7.1	0	0	0
121	55	1	8.9	0	0	0
121	90	0	9.6	0	0	0
121	90	1	12.5	0	0	0
122	0	0	0.15741	0	0	0
122	0	1	1.287	0	0	0
122	8	0	0.2	0	0	0
122	8	1	1.1	0	0	0
122	13	0	0.4	0	0	0
122	13	1	1.3	0	0	0
122	21	0	0.2	0	0	0
122	21	1	2.4	0	0	0
122	34	0	1	0	0	0
122	34	1	4	0	0	0
122	55	0	2.4	0	0	0
122	55	1	8	0	0	0
122	90	0	4.6	0	0	0
122	90	1	7.7	0	0	0
123	0	0	0.75926	0	0	0
123	0	1	3.4537	0	0	0
123	8	0	1.2	0	0	0
123	8	1	3.2	0	0	0
123	13	0	1.5	0	0	0
123	13	1	5.2	0	0	0
123	21	0	1.1	0	0	0
123	21	1	6.4	0	0	0
123	34	0	2.9	0	0	0
123	34	1	9.7	0	0	0
123	55	0	8	0	0	0
123	55	1	17.6	0	0	0
123	90	0	10.1	0	0	0
123	90	1	20	0	0	0
124	0	0	1.1111	0	0	0
124	0	1	2.0741	0	0	0
124	8	0	1.3	0	0	0
124	8	1	1.8	0	0	0
124	13	0	1.4	0	0	0
124	13	1	3	0	0	0
124	21	0	2.2	0	0	0
124	21	1	3.6	0	0	0
124	34	0	1.6	0	0	0
124	34	1	5.5	0	0	0
124	55	0	5	0	0	0
124	55	1	10.8	0	0	0
124	90	0	7.5	0	0	0
124	90	1	12.2	0	0	0
125	0	0	1.287	0	0	0
125	0	1	8.6481	0	0	0
125	8	0	1	0	0	0
125	8	1	8.6	0	0	0
125	13	0	1.3	0	0	0
125	13	1	7.9	0	0	0
125	21	0	1.5	0	0	0
125	21	1	8.7	0	0	0
125	34	0	2.5	0	0	0
125	34	1	11	0	0	0
125	55	0	8.7	0	0	0
125	55	1	15.3	0	0	0
125	90	0	11.3	0	0	0
125	90	1	18	0	0	0
126	0	0	5.4259	0	0	0
126	0	1	13.509	0	0	0
126	8	0	7.3	0	0	0
126	8	1	14.7	0	0	0
126	13	0	6.2	0	0	0
126	13	1	15.3	0	0	0
126	21	0	6.8	0	0	0
126	21	1	14.8	0	0	0
126	34	0	10.1	0	0	0
126	34	1	17.8	0	0	0
126	55	0	15.2	0	0	0
126	55	1	25.8	0	0	0
126	90	0	23.2	0	0	0
126	90	1	32.8	0	0	0
127	0	0	0.86111	0	0	0
127	0	1	1.1574	0	0	0
127	8	0	0.3	0	0	0
127	8	1	1	0	0	0
127	13	0	0.9	0	0	0
127	13	1	1.4	0	0	0
127	21	0	2	0	0	0
127	21	1	3.8	0	0	0
127	34	0	3.3	0	0	0
127	34	1	5	0	0	0
127	55	0	5.6	0	0	0
127	55	1	7.1	0	0	0
127	90	0	4.6	0	0	0
127	90	1	9	0	0	0
128	0	0	15.5	0	0	1
128	0	1	13.463	0	0	1
128	8	0	13.2	0	0	1
128	8	1	12.9	0	0	1
128	13	0	14.2	0	0	1
128	13	1	14.5	0	0	1
128	21	0	18.1	0	0	1
128	21	1	15.6	0	0	1
128	34	0	15.4	0	0	1
128	34	1	12	0	0	1
128	55	0	15.1	0	0	1
128	55	1	15.6	0	0	1
128	90	0	20.7	0	0	1
128	90	1	17.2	0	0	1
129	0	0	4.1759	0	0	0
129	0	1	3.6296	0	0	0
129	8	0	3.4	0	0	0
129	8	1	3.5	0	0	0
129	13	0	5.3	0	0	0
129	13	1	4	0	0	0
129	21	0	3.6	0	0	0
129	21	1	2.8	0	0	0
129	34	0	4.4	0	0	0
129	34	1	3.3	0	0	0
129	55	0	4.4	0	0	0
129	55	1	3.5	0	0	0
129	90	0	8	0	0	0
129	90	1	7.5	0	0	0
130	0	0	3.287	0	0	0
130	0	1	3.9537	0	0	0
130	8	0	4.1	0	0	0
130	8	1	2.7	0	0	0
130	13	0	3.8	0	0	0
130	13	1	2.8	0	0	0
130	21	0	2.8	0	0	0
130	21	1	3.3	0	0	0
130	34	0	3.4	0	0	0
130	34	1	3.2	0	0	0
130	55	0	4.5	0	0	0
130	55	1	2.4	0	0	0
130	90	0	6	0	0	0
130	90	1	5.8	0	0	0
131	0	0	6.6204	0	0	1
131	0	1	6.8889	0	0	1
131	8	0	5.4	0	0	1
131	8	1	5.7	0	0	1
131	13	0	4.6	0	0	1
131	13	1	6.6	0	0	1
131	21	0	5.8	0	0	1
131	21	1	6.8	0	0	1
131	34	0	8	0	0	1
131	34	1	6.1	0	0	1
131	55	0	9.8	0	0	1
131	55	1	9.8	0	0	1
131	90	0	16	0	0	1
131	90	1	15.6	0	0	1
132	0	0	7.5185	0	0	0
132	0	1	9.0463	0	0	0
132	8	0	8.1	0	0	0
132	8	1	8.6	0	0	0
132	13	0	7.4	0	0	0
132	13	1	10.9	0	0	0
132	21	0	8.1	0	0	0
132	21	1	9.1	0	0	0
132	34	0	9.9	0	0	0
132	34	1	9.1	0	0	0
132	55	0	11.5	0	0	0
132	55	1	9.9	0	0	0
132	90	0	13	0	0	0
132	90	1	14.1	0	0	0
133	0	0	2.3148	0	0	0
133	0	1	3.287	0	0	0
133	8	0	3.4	0	0	0
133	8	1	3.5	0	0	0
133	13	0	3.1	0	0	0
133	13	1	3	0	0	0
133	21	0	2.5	0	0	0
133	21	1	4.1	0	0	0
133	34	0	1.7	0	0	0
133	34	1	3.8	0	0	0
133	55	0	2.7	0	0	0
133	55	1	3.8	0	0	0
133	90	0	4.4	0	0	0
133	90	1	4.5	0	0	0
134	0	0	4.1944	0	0	0
134	0	1	11.565	0	0	0
134	8	0	4.5	0	0	0
134	8	1	13.2	0	0	0
134	13	0	4.9	0	0	0
134	13	1	11	0	0	0
134	21	0	4.8	0	0	0
134	21	1	11.1	0	0	0
134	34	0	4.7	0	0	0
134	34	1	14.5	0	0	0
134	55	0	8.5	0	0	0
134	55	1	12.1	0	0	0
134	90	0	11	0	0	0
134	90	1	13.6	0	0	0
135	0	0	0.59259	0	0	0
135	0	1	3.4907	0	0	0
135	8	0	0.4	0	0	0
135	8	1	2.5	0	0	0
135	13	0	0.9	0	0	0
135	13	1	4.8	0	0	0
135	21	0	0.6	0	0	0
135	21	1	5.2	0	0	0
135	34	0	2.9	0	0	0
135	34	1	6.3	0	0	0
135	55	0	4	0	0	0
135	55	1	7.5	0	0	0
135	90	0	7.3	0	0	0
135	90	1	9.4	0	0	0
136	0	0	8.963	0	0	0
136	0	1	12.417	0	0	0
136	8	0	8.9	0	0	0
136	8	1	12.7	0	0	0
136	13	0	7.7	0	0	0
136	13	1	13.1	0	0	0
136	21	0	11.8	0	0	0
136	21	1	12.1	0	0	0
136	34	0	11.9	0	0	0
136	34	1	14.4	0	0	0
136	55	0	14.9	0	0	0
136	55	1	17.4	0	0	0
136	90	0	16.4	0	0	0
136	90	1	17	0	0	0
137	0	0	0.50926	0	0	1
137	0	1	6.1019	0	0	1
137	8	0	0.4	0	0	1
137	8	1	6.8	0	0	1
137	13	0	0.1	0	0	1
137	13	1	7.8	0	0	1
137	21	0	1.2	0	0	1
137	21	1	8.9	0	0	1
137	34	0	3.1	0	0	1
137	34	1	11.7	0	0	1
137	55	0	10.2	0	0	1
137	55	1	14.9	0	0	1
137	90	0	10.6	0	0	1
137	90	1	18.6	0	0	1
138	0	0	0.72222	0	0	1
138	0	1	7.2037	0	0	1
138	8	0	1.3	0	0	1
138	8	1	7.7	0	0	1
138	13	0	1	0	0	1
138	13	1	9.2	0	0	1
138	21	0	2.6	0	0	1
138	21	1	11	0	0	1
138	34	0	4.5	0	0	1
138	34	1	14.1	0	0	1
138	55	0	9.8	0	0	1
138	55	1	17	0	0	1
138	90	0	10.8	0	0	1
138	90	1	18.8	0	0	1
139	0	0	6.1944	0	0	0
139	0	1	41.231	0	0	0
139	8	0	6.2	0	0	0
139	8	1	46.5	0	0	0
139	13	0	9.9	0	0	0
139	13	1	45.3	0	0	0
139	21	0	11.8	0	0	0
139	21	1	52.5	0	0	0
139	34	0	22.6	0	0	0
139	34	1	62.6	0	0	0
139	55	0	40.8	0	0	0
139	55	1	69.2	0	0	0
139	90	0	54	0	0	0
139	90	1	75.5	0	0	0
140	0	0	7.9352	0	0	1
140	0	1	17.481	0	0	1
140	8	0	7	0	0	1
140	8	1	18.7	0	0	1
140	13	0	7.5	0	0	1
140	13	1	16.1	0	0	1
140	21	0	6.6	0	0	1
140	21	1	16.4	0	0	1
140	34	0	5.8	0	0	1
140	34	1	15.5	0	0	1
140	55	0	6.8	0	0	1
140	55	1	17.5	0	0	1
140	90	0	9.1	0	0	1
140	90	1	20.9	0	0	1
141	0	0	0.83333	0	0	1
141	0	1	0.92593	0	0	1
141	8	0	0.3	0	0	1
141	8	1	1.2	0	0	1
141	13	0	1.2	0	0	1
141	13	1	1.8	0	0	1
141	21	0	0.2	0	0	1
141	21	1	0.8	0	0	1
141	34	0	0.6	0	0	1
141	34	1	0.8	0	0	1
141	55	0	0.7	0	0	1
141	55	1	1.2	0	0	1
141	90	0	9.1	0	0	1
141	90	1	8.8	0	0	1
142	0	0	2.9444	0	0	0
142	0	1	8.6389	0	0	0
142	8	0	3.6	0	0	0
142	8	1	7.9	0	0	0
142	13	0	2.6	0	0	0
142	13	1	8.3	0	0	0
142	21	0	4	0	0	0
142	21	1	8.8	0	0	0
142	34	0	2.6	0	0	0
142	34	1	7.7	0	0	0
142	55	0	4.7	0	0	0
142	55	1	6.8	0	0	0
142	90	0	8.6	0	0	0
142	90	1	9.3	0	0	0
143	0	0	2.6574	0	0	1
143	0	1	9.4537	0	0	1
143	8	0	3.2	0	0	1
143	8	1	10.3	0	0	1
143	13	0	3.3	0	0	1
143	13	1	9.3	0	0	1
143	21	0	3.1	0	0	1
143	21	1	9.8	0	0	1
143	34	0	3.6	0	0	1
143	34	1	9.3	0	0	1
143	55	0	7.8	0	0	1
143	55	1	10.2	0	0	1
143	90	0	8.3	0	0	1
143	90	1	11.6	0	0	1
144	0	0	3.0741	0	0	0
144	0	1	11.667	0	0	0
144	8	0	4.4	0	0	0
144	8	1	10.4	0	0	0
144	13	0	2.7	0	0	0
144	13	1	12.1	0	0	0
144	21	0	3.6	0	0	0
144	21	1	11.8	0	0	0
144	34	0	5.1	0	0	0
144	34	1	12	0	0	0
144	55	0	6.5	0	0	0
144	55	1	15.2	0	0	0
144	90	0	9.9	0	0	0
144	90	1	16.3	0	0	0
145	0	0	9.8519	0	0	0
145	0	1	14.972	0	0	0
145	8	0	11.1	0	0	0
145	8	1	14.4	0	0	0
145	13	0	9.6	0	0	0
145	13	1	17.6	0	0	0
145	21	0	15.8	0	0	0
145	21	1	18.7	0	0	0
145	34	0	18.4	0	0	0
145	34	1	21.2	0	0	0
145	55	0	20.4	0	0	0
145	55	1	25.3	0	0	0
145	90	0	24	0	0	0
145	90	1	26.3	0	0	0
146	0	0	6.4352	0	0	0
146	0	1	16.222	0	0	0
146	8	0	5.9	0	0	0
146	8	1	16.6	0	0	0
146	13	0	5.8	0	0	0
146	13	1	16	0	0	0
146	21	0	8.8	0	0	0
146	21	1	18	0	0	0
146	34	0	10.1	0	0	0
146	34	1	19.6	0	0	0
146	55	0	15.2	0	0	0
146	55	1	18.7	0	0	0
146	90	0	19.5	0	0	0
146	90	1	21	0	0	0
147	0	0	8.8148	0	0	0
147	0	1	19.657	0	0	0
147	8	0	9.2	0	0	0
147	8	1	19.4	0	0	0
147	13	0	11	0	0	0
147	13	1	20.1	0	0	0
147	21	0	12.9	0	0	0
147	21	1	23	0	0	0
147	34	0	17.2	0	0	0
147	34	1	22.6	0	0	0
147	55	0	19.3	0	0	0
147	55	1	31.2	0	0	0
147	90	0	29.5	0	0	0
147	90	1	34	0	0	0
148	0	0	11.833	0	0	0
148	0	1	6.4259	0	0	0
148	8	0	12.2	0	0	0
148	8	1	5.9	0	0	0
148	13	0	12.3	0	0	0
148	13	1	7.2	0	0	0
148	21	0	11.5	0	0	0
148	21	1	6.7	0	0	0
148	34	0	12.2	0	0	0
148	34	1	9.6	0	0	0
148	55	0	16.4	0	0	0
148	55	1	14.4	0	0	0
148	90	0	18.6	0	0	0
148	90	1	24.3	0	0	0
149	0	0	2.2222	0	0	0
149	0	1	5.2778	0	0	0
149	8	0	2.1	0	0	0
149	8	1	5.2	0	0	0
149	13	0	2.9	0	0	0
149	13	1	4.6	0	0	0
149	21	0	2	0	0	0
149	21	1	5.7	0	0	0
149	34	0	1.9	0	0	0
149	34	1	4.4	0	0	0
149	55	0	4.6	0	0	0
149	55	1	6.5	0	0	0
149	90	0	6.4	0	0	0
149	90	1	8.3	0	0	0
150	0	0	8.7315	0	0	0
150	0	1	11.194	0	0	0
150	8	0	8.5	0	0	0
150	8	1	12.3	0	0	0
150	13	0	7.6	0	0	0
150	13	1	10.6	0	0	0
150	21	0	10.6	0	0	0
150	21	1	13.5	0	0	0
150	34	0	9.1	0	0	0
150	34	1	14.3	0	0	0
150	55	0	10.4	0	0	0
150	55	1	16.6	0	0	0
150	90	0	13.9	0	0	0
150	90	1	19.4	0	0	0
151	0	0	0.5	0	0	1
151	0	1	7.3426	0	0	1
151	8	0	0.6	0	0	1
151	8	1	7.3	0	0	1
151	13	0	0.5	0	0	1
151	13	1	7.1	0	0	1
151	21	0	0.8	0	0	1
151	21	1	9.6	0	0	1
151	34	0	0.5	0	0	1
151	34	1	9.5	0	0	1
151	55	0	4	0	0	1
151	55	1	10.5	0	0	1
151	90	0	17.4	0	0	1
151	90	1	20.4	0	0	1
152	0	0	0.61111	0	0	0
152	0	1	0.88889	0	0	0
152	8	0	0.5	0	0	0
152	8	1	0.9	0	0	0
152	13	0	0.1	0	0	0
152	13	1	1.3	0	0	0
152	21	0	0.6	0	0	0
152	21	1	1.4	0	0	0
152	34	0	0.4	0	0	0
152	34	1	1.6	0	0	0
152	55	0	0.8	0	0	0
152	55	1	1.4	0	0	0
152	90	0	3.4	0	0	0
152	90	1	5.2	0	0	0
153	0	0	1.3519	0	0	0
153	0	1	2.0093	0	0	0
153	8	0	1.1	0	0	0
153	8	1	2.4	0	0	0
153	13	0	1.4	0	0	0
153	13	1	2.7	0	0	0
153	21	0	1	0	0	0
153	21	1	2.5	0	0	0
153	34	0	2	0	0	0
153	34	1	3	0	0	0
153	55	0	2.4	0	0	0
153	55	1	3.6	0	0	0
153	90	0	5.9	0	0	0
153	90	1	7.1	0	0	0
154	0	0	5.0093	0	0	0
154	0	1	7.1481	0	0	0
154	8	0	5	0	0	0
154	8	1	6.5	0	0	0
154	13	0	6.4	0	0	0
154	13	1	7.2	0	0	0
154	21	0	6.7	0	0	0
154	21	1	6.5	0	0	0
154	34	0	5.1	0	0	0
154	34	1	6	0	0	0
154	55	0	6.2	0	0	0
154	55	1	9.7	0	0	0
154	90	0	9.5	0	0	0
154	90	1	12.3	0	0	0
155	0	0	1.2037	0	0	0
155	0	1	2.3148	0	0	0
155	8	0	0.9	0	0	0
155	8	1	1.9	0	0	0
155	13	0	1.4	0	0	0
155	13	1	2.3	0	0	0
155	21	0	2.5	0	0	0
155	21	1	3.5	0	0	0
155	34	0	1.9	0	0	0
155	34	1	4.3	0	0	0
155	55	0	13.2	0	0	0
155	55	1	12.9	0	0	0
155	90	0	38.1	0	0	0
155	90	1	40.2	0	0	0
156	0	0	0.94444	0	0	0
156	0	1	1.287	0	0	0
156	8	0	0.9	0	0	0
156	8	1	1.8	0	0	0
156	13	0	0.8	0	0	0
156	13	1	1.5	0	0	0
156	21	0	0.6	0	0	0
156	21	1	1.8	0	0	0
156	34	0	1.5	0	0	0
156	34	1	1.4	0	0	0
156	55	0	3.1	0	0	0
156	55	1	3.1	0	0	0
156	90	0	5.6	0	0	0
156	90	1	7.4	0	0	0
157	0	0	1.5463	0	0	0
157	0	1	2.4815	0	0	0
157	8	0	0.8	0	0	0
157	8	1	2	0	0	0
157	13	0	1	0	0	0
157	13	1	3	0	0	0
157	21	0	1	0	0	0
157	21	1	3.5	0	0	0
157	34	0	1.7	0	0	0
157	34	1	3.5	0	0	0
157	55	0	3.4	0	0	0
157	55	1	5.4	0	0	0
157	90	0	8.5	0	0	0
157	90	1	11.9	0	0	0
158	0	0	3.2498	0	0	0
158	0	1	4.4299	0	0	0
158	8	0	2.549	0	0	0
158	8	1	5.098	0	0	0
158	13	0	2.9412	0	0	0
158	13	1	4.4118	0	0	0
158	21	0	1.8627	0	0	0
158	21	1	4.7059	0	0	0
158	34	0	2.6471	0	0	0
158	34	1	3.4314	0	0	0
158	55	0	3.2353	0	0	0
158	55	1	3.2353	0	0	0
158	90	0	5.1961	0	0	0
158	90	1	7.8431	0	0	0
159	0	0	10.049	0	0	0
159	0	1	8.4786	0	0	0
159	8	0	10.392	0	0	0
159	8	1	6.3725	0	0	0
159	13	0	9.2157	0	0	0
159	13	1	8.6275	0	0	0
159	21	0	9.4118	0	0	0
159	21	1	8.9216	0	0	0
159	34	0	10.392	0	0	0
159	34	1	7.549	0	0	0
159	55	0	10.882	0	0	0
159	55	1	7.7451	0	0	0
159	90	0	16.765	0	0	0
159	90	1	14.118	0	0	0
160	0	0	11.574	0	0	1
160	0	1	48.466	0	0	1
160	8	0	11.373	0	0	1
160	8	1	44.216	0	0	1
160	13	0	9.902	0	0	1
160	13	1	50.588	0	0	1
160	21	0	9.2157	0	0	1
160	21	1	46.078	0	0	1
160	34	0	11.765	0	0	1
160	34	1	47.549	0	0	1
160	55	0	14.412	0	0	1
160	55	1	44.412	0	0	1
160	90	0	54.314	0	0	1
160	90	1	84.51	0	0	1
161	0	0	11.365	0	0	0
161	0	1	18.809	0	0	0
161	8	0	11.961	0	0	0
161	8	1	21.569	0	0	0
161	13	0	12.255	0	0	0
161	13	1	19.412	0	0	0
161	21	0	11.078	0	0	0
161	21	1	20.392	0	0	0
161	34	0	15.294	0	0	0
161	34	1	21.961	0	0	0
161	55	0	13.529	0	0	0
161	55	1	24.02	0	0	0
161	90	0	23.627	0	0	0
161	90	1	30.588	0	0	0
162	0	0	10.63	0	0	0
162	0	1	18.264	0	0	0
162	8	0	11.863	0	0	0
162	8	1	20	0	0	0
162	13	0	14.118	0	0	0
162	13	1	23.137	0	0	0
162	21	0	16.667	0	0	0
162	21	1	28.922	0	0	0
162	34	0	25.196	0	0	0
162	34	1	33.235	0	0	0
162	55	0	30.294	0	0	0
162	55	1	37.647	0	0	0
162	90	0	34.706	0	0	0
162	90	1	36.863	0	0	0
163	0	0	6.781	0	0	0
163	0	1	19.898	0	0	0
163	8	0	8.0392	0	0	0
163	8	1	20.294	0	0	0
163	13	0	9.3137	0	0	0
163	13	1	23.039	0	0	0
163	21	0	14.804	0	0	0
163	21	1	22.059	0	0	0
163	34	0	17.353	0	0	0
163	34	1	27.451	0	0	0
163	55	0	19.706	0	0	0
163	55	1	33.137	0	0	0
163	90	0	27.843	0	0	0
163	90	1	40.098	0	0	0
164	0	0	18.827	0	0	0
164	0	1	29.539	0	0	0
164	8	0	20.98	0	0	0
164	8	1	31.863	0	0	0
164	13	0	19.51	0	0	0
164	13	1	36.569	0	0	0
164	21	0	30	0	0	0
164	21	1	40.392	0	0	0
164	34	0	32.941	0	0	0
164	34	1	49.118	0	0	0
164	55	0	40.196	0	0	0
164	55	1	51.961	0	0	0
164	90	0	52.647	0	0	0
164	90	1	53.922	0	0	0
165	0	0	11.038	0	0	0
165	0	1	9.7858	0	0	0
165	8	0	11.078	0	0	0
165	8	1	9.6078	0	0	0
165	13	0	10.882	0	0	0
165	13	1	8.7255	0	0	0
165	21	0	11.471	0	0	0
165	21	1	10	0	0	0
165	34	0	10.784	0	0	0
165	34	1	10.098	0	0	0
165	55	0	8.8235	0	0	0
165	55	1	8.3333	0	0	0
165	90	0	15.294	0	0	0
165	90	1	14.706	0	0	0
166	0	0	5.2106	0	0	0
166	0	1	8.8962	0	0	0
166	8	0	4.6078	0	0	0
166	8	1	9.4118	0	0	0
166	13	0	5.8824	0	0	0
166	13	1	8.4314	0	0	0
166	21	0	5	0	0	0
166	21	1	10.686	0	0	0
166	34	0	5.3922	0	0	0
166	34	1	8.9216	0	0	0
166	55	0	3.4314	0	0	0
166	55	1	9.8039	0	0	0
166	90	0	8.2353	0	0	0
166	90	1	10.294	0	0	0
167	0	0	7.5617	0	0	0
167	0	1	7.3076	0	0	0
167	8	0	8.2353	0	0	0
167	8	1	8.4314	0	0	0
167	13	0	8.3333	0	0	0
167	13	1	5.8824	0	0	0
167	21	0	7.549	0	0	0
167	21	1	8.0392	0	0	0
167	34	0	8.6275	0	0	0
167	34	1	8.2353	0	0	0
167	55	0	8.7255	0	0	0
167	55	1	10.784	0	0	0
167	90	0	14.216	0	0	0
167	90	1	11.863	0	0	0
168	0	0	4.7023	0	0	0
168	0	1	13.408	0	0	0
168	8	0	4.8039	0	0	0
168	8	1	13.039	0	0	0
168	13	0	4.5098	0	0	0
168	13	1	13.039	0	0	0
168	21	0	5.4902	0	0	0
168	21	1	12.941	0	0	0
168	34	0	6.0784	0	0	0
168	34	1	11.569	0	0	0
168	55	0	7.8431	0	0	0
168	55	1	14.118	0	0	0
168	90	0	19.902	0	0	0
168	90	1	23.529	0	0	0
169	0	0	1.1347	0	0	0
169	0	1	4.8929	0	0	0
169	8	0	0.78431	0	0	0
169	8	1	4.3137	0	0	0
169	13	0	1.3725	0	0	0
169	13	1	5	0	0	0
169	21	0	2.0588	0	0	0
169	21	1	7.9412	0	0	0
169	34	0	3.0392	0	0	0
169	34	1	6.4706	0	0	0
169	55	0	3.7255	0	0	0
169	55	1	7.1569	0	0	0
169	90	0	8.6275	0	0	0
169	90	1	11.667	0	0	0
170	0	0	8.7418	0	0	0
170	0	1	12.609	0	0	0
170	8	0	8.9216	0	0	0
170	8	1	10.686	0	0	0
170	13	0	9.6078	0	0	0
170	13	1	13.824	0	0	0
170	21	0	9.3137	0	0	0
170	21	1	12.353	0	0	0
170	34	0	11.078	0	0	0
170	34	1	13.431	0	0	0
170	55	0	16.471	0	0	0
170	55	1	15.588	0	0	0
170	90	0	23.529	0	0	0
170	90	1	25.196	0	0	0
171	0	0	1.3163	0	0	1
171	0	1	6.3362	0	0	1
171	8	0	1.1765	0	0	1
171	8	1	5.3922	0	0	1
171	13	0	0.98039	0	0	1
171	13	1	6.3725	0	0	1
171	21	0	0.68627	0	0	1
171	21	1	5.1961	0	0	1
171	34	0	1.7647	0	0	1
171	34	1	5.4902	0	0	1
171	55	0	1.4706	0	0	1
171	55	1	5.5882	0	0	1
171	90	0	3.1373	0	0	1
171	90	1	6.7647	0	0	1
172	0	0	8.2426	0	0	0
172	0	1	45.815	0	0	0
172	8	0	9.8039	0	0	0
172	8	1	46.569	0	0	0
172	13	0	9.3137	0	0	0
172	13	1	46.667	0	0	0
172	21	0	10.098	0	0	0
172	21	1	46.863	0	0	0
172	34	0	18.431	0	0	0
172	34	1	52.157	0	0	0
172	55	0	18.529	0	0	0
172	55	1	56.569	0	0	0
172	90	0	38.333	0	0	0
172	90	1	69.804	0	0	0
173	0	0	14.379	0	0	1
173	0	1	12.436	0	0	1
173	8	0	15.392	0	0	1
173	8	1	13.333	0	0	1
173	13	0	13.922	0	0	1
173	13	1	13.039	0	0	1
173	21	0	15	0	0	1
173	21	1	15.686	0	0	1
173	34	0	13.922	0	0	1
173	34	1	12.647	0	0	1
173	55	0	15.882	0	0	1
173	55	1	13.627	0	0	1
173	90	0	19.706	0	0	1
173	90	1	18.137	0	0	1
174	0	0	9.7585	0	0	1
174	0	1	21.151	0	0	1
174	8	0	11.275	0	0	1
174	8	1	21.275	0	0	1
174	13	0	11.373	0	0	1
174	13	1	20.196	0	0	1
174	21	0	8.1373	0	0	1
174	21	1	20.294	0	0	1
174	34	0	7.9412	0	0	1
174	34	1	17.941	0	0	1
174	55	0	8.4314	0	0	1
174	55	1	16.667	0	0	1
174	90	0	16.471	0	0	1
174	90	1	24.314	0	0	1
175	0	0	1.0802	0	0	1
175	0	1	1.2073	0	0	1
175	8	0	0.78431	0	0	1
175	8	1	0.4902	0	0	1
175	13	0	1.0784	0	0	1
175	13	1	1.1765	0	0	1
175	21	0	0.88235	0	0	1
175	21	1	0.58824	0	0	1
175	34	0	1.0784	0	0	1
175	34	1	0.68627	0	0	1
175	55	0	1.1765	0	0	1
175	55	1	1.7647	0	0	1
175	90	0	4.1176	0	0	1
175	90	1	4.7059	0	0	1
176	0	0	11.963	0	0	1
176	0	1	12.657	0	0	1
176	8	0	11.9	0	0	1
176	8	1	10.3	0	0	1
176	13	0	13.3	0	0	1
176	13	1	13.3	0	0	1
176	21	0	11.2	0	0	1
176	21	1	15	0	0	1
176	34	0	11.7	0	0	1
176	34	1	12.8	0	0	1
176	55	0	13	0	0	1
176	55	1	16	0	0	1
176	90	0	18.1	0	0	1
176	90	1	18.2	0	0	1
177	0	0	0.72222	0	0	1
177	0	1	1.4259	0	0	1
177	8	0	1.3	0	0	1
177	8	1	1.2	0	0	1
177	13	0	0.4	0	0	1
177	13	1	2.4	0	0	1
177	21	0	0.9	0	0	1
177	21	1	2.1	0	0	1
177	34	0	0.5	0	0	1
177	34	1	2.2	0	0	1
177	55	0	1.7	0	0	1
177	55	1	3.7	0	0	1
177	90	0	3.5	0	0	1
177	90	1	7.3	0	0	1
178	0	0	9.1204	0	0	0
178	0	1	6.8704	0	0	0
178	8	0	8.9	0	0	0
178	8	1	6.5	0	0	0
178	13	0	8.4	0	0	0
178	13	1	6.6	0	0	0
178	21	0	9.1	0	0	0
178	21	1	6.4	0	0	0
178	34	0	7.8	0	0	0
178	34	1	6.7	0	0	0
178	55	0	8.6	0	0	0
178	55	1	8.2	0	0	0
178	90	0	13.1	0	0	0
178	90	1	12.4	0	0	0
179	0	0	0.38889	0	0	0
179	0	1	4.287	0	0	0
179	8	0	0.4	0	0	0
179	8	1	3.9	0	0	0
179	13	0	0.2	0	0	0
179	13	1	5.5	0	0	0
179	21	0	0.2	0	0	0
179	21	1	5	0	0	0
179	34	0	0.8	0	0	0
179	34	1	5	0	0	0
179	55	0	2.1	0	0	0
179	55	1	5.3	0	0	0
179	90	0	2.9	0	0	0
179	90	1	4.8	0	0	0
180	0	0	0.25926	0	0	0
180	0	1	14.352	0	0	0
180	8	0	0.3	0	0	0
180	8	1	15.9	0	0	0
180	13	0	0.4	0	0	0
180	13	1	15.4	0	0	0
180	21	0	0.6	0	0	0
180	21	1	18.7	0	0	0
180	34	0	0.6	0	0	0
180	34	1	14.4	0	0	0
180	55	0	1.2	0	0	0
180	55	1	16.3	0	0	0
180	90	0	3.6	0	0	0
180	90	1	19.1	0	0	0
181	0	0	25.426	0	0	0
181	0	1	46.417	0	0	0
181	8	0	24.7	0	0	0
181	8	1	45.7	0	0	0
181	13	0	24.1	0	0	0
181	13	1	47.2	0	0	0
181	21	0	26	0	0	0
181	21	1	47.2	0	0	0
181	34	0	30.6	0	0	0
181	34	1	48.3	0	0	0
181	55	0	37.9	0	0	0
181	55	1	55.7	0	0	0
181	90	0	49.1	0	0	0
181	90	1	58.5	0	0	0
182	0	0	7.787	0	0	0
182	0	1	10.722	0	0	0
182	8	0	8.3	0	0	0
182	8	1	12.6	0	0	0
182	13	0	10.2	0	0	0
182	13	1	10.8	0	0	0
182	21	0	10.2	0	0	0
182	21	1	13.9	0	0	0
182	34	0	8.5	0	0	0
182	34	1	13.5	0	0	0
182	55	0	12.1	0	0	0
182	55	1	12.7	0	0	0
182	90	0	11.6	0	0	0
182	90	1	16.4	0	0	0
183	0	0	16.574	0	0	0
183	0	1	26.63	0	0	0
183	8	0	17.8	0	0	0
183	8	1	24.5	0	0	0
183	13	0	16.1	0	0	0
183	13	1	25.5	0	0	0
183	21	0	16.3	0	0	0
183	21	1	26.9	0	0	0
183	34	0	14.2	0	0	0
183	34	1	24.6	0	0	0
183	55	0	15.1	0	0	0
183	55	1	28.6	0	0	0
183	90	0	19.1	0	0	0
183	90	1	29	0	0	0
184	0	0	4.1852	0	0	0
184	0	1	6.5741	0	0	0
184	8	0	4.6	0	0	0
184	8	1	5.9	0	0	0
184	13	0	4.4	0	0	0
184	13	1	5.9	0	0	0
184	21	0	6	0	0	0
184	21	1	8.9	0	0	0
184	34	0	4.3	0	0	0
184	34	1	7.2	0	0	0
184	55	0	5.7	0	0	0
184	55	1	8.2	0	0	0
184	90	0	7.3	0	0	0
184	90	1	8.6	0	0	0
185	0	0	9.8796	0	0	0
185	0	1	11.954	0	0	0
185	8	0	10.4	0	0	0
185	8	1	9.3	0	0	0
185	13	0	9.5	0	0	0
185	13	1	12	0	0	0
185	21	0	9.7	0	0	0
185	21	1	13.2	0	0	0
185	34	0	8.8	0	0	0
185	34	1	11	0	0	0
185	55	0	10	0	0	0
185	55	1	14	0	0	0
185	90	0	13.1	0	0	0
185	90	1	12	0	0	0
186	0	0	1.6111	0	0	0
186	0	1	2.8519	0	0	0
186	8	0	0.8	0	0	0
186	8	1	1.7	0	0	0
186	13	0	1.3	0	0	0
186	13	1	2.9	0	0	0
186	21	0	2.3	0	0	0
186	21	1	2.5	0	0	0
186	34	0	2	0	0	0
186	34	1	2.5	0	0	0
186	55	0	2.5	0	0	0
186	55	1	4	0	0	0
186	90	0	4.9	0	0	0
186	90	1	8.5	0	0	0
187	0	0	7.5093	0	0	0
187	0	1	12.231	0	0	0
187	8	0	7.7	0	0	0
187	8	1	11.9	0	0	0
187	13	0	8	0	0	0
187	13	1	11.1	0	0	0
187	21	0	8.7	0	0	0
187	21	1	11.1	0	0	0
187	34	0	5	0	0	0
187	34	1	11.7	0	0	0
187	55	0	8.8	0	0	0
187	55	1	15.8	0	0	0
187	90	0	15.5	0	0	0
187	90	1	17.6	0	0	0
188	0	0	0.14815	0	0	0
188	0	1	5.213	0	0	0
188	8	0	0.3	0	0	0
188	8	1	4.8	0	0	0
188	13	0	0.2	0	0	0
188	13	1	4	0	0	0
188	21	0	0	0	0	0
188	21	1	6.4	0	0	0
188	34	0	0.3	0	0	0
188	34	1	5.5	0	0	0
188	55	0	1.1	0	0	0
188	55	1	7.3	0	0	0
188	90	0	3.1	0	0	0
188	90	1	7.1	0	0	0
189	0	0	3.037	0	0	0
189	0	1	18.565	0	0	0
189	8	0	3.4	0	0	0
189	8	1	16	0	0	0
189	13	0	3.5	0	0	0
189	13	1	19.1	0	0	0
189	21	0	4	0	0	0
189	21	1	19.4	0	0	0
189	34	0	3.4	0	0	0
189	34	1	19.3	0	0	0
189	55	0	4.8	0	0	0
189	55	1	20.8	0	0	0
189	90	0	8.6	0	0	0
189	90	1	22	0	0	0
190	0	0	0.97222	0	0	0
190	0	1	0.97222	0	0	0
190	8	0	0.6	0	0	0
190	8	1	1.4	0	0	0
190	13	0	1.3	0	0	0
190	13	1	1.1	0	0	0
190	21	0	1.3	0	0	0
190	21	1	1.2	0	0	0
190	34	0	3.8	0	0	0
190	34	1	3.4	0	0	0
190	55	0	5.3	0	0	0
190	55	1	4.2	0	0	0
190	90	0	8.4	0	0	0
190	90	1	7.9	0	0	0
191	0	0	1.3426	0	0	0
191	0	1	3.5648	0	0	0
191	8	0	1.5	0	0	0
191	8	1	3.3	0	0	0
191	13	0	2.9	0	0	0
191	13	1	5.1	0	0	0
191	21	0	2.3	0	0	0
191	21	1	6.2	0	0	0
191	34	0	5.1	0	0	0
191	34	1	6.8	0	0	0
191	55	0	6.1	0	0	0
191	55	1	8.7	0	0	0
191	90	0	9	0	0	0
191	90	1	8.7	0	0	0
192	0	0	1	0	0	0
192	0	1	4.8056	0	0	0
192	8	0	1.3	0	0	0
192	8	1	5.7	0	0	0
192	13	0	1.4	0	0	0
192	13	1	6.3	0	0	0
192	21	0	3.6	0	0	0
192	21	1	7.2	0	0	0
192	34	0	5.1	0	0	0
192	34	1	9.1	0	0	0
192	55	0	8.8	0	0	0
192	55	1	11.9	0	0	0
192	90	0	12.6	0	0	0
192	90	1	13.9	0	0	0
193	0	0	9.7685	0	0	0
193	0	1	17.769	0	0	0
193	8	0	12.2	0	0	0
193	8	1	18.6	0	0	0
193	13	0	14.7	0	0	0
193	13	1	19.1	0	0	0
193	21	0	17.6	0	0	0
193	21	1	23.7	0	0	0
193	34	0	22.9	0	0	0
193	34	1	28	0	0	0
193	55	0	29.7	0	0	0
193	55	1	32.5	0	0	0
193	90	0	31.9	0	0	0
193	90	1	31.3	0	0	0
194	0	0	13.065	0	0	1
194	0	1	12.898	0	0	1
194	8	0	12.9	0	0	1
194	8	1	13.6	0	0	1
194	13	0	13.5	0	0	1
194	13	1	13.6	0	0	1
194	21	0	16.5	0	0	1
194	21	1	16.2	0	0	1
194	34	0	18.9	0	0	1
194	34	1	17.7	0	0	1
194	55	0	23.1	0	0	1
194	55	1	23.8	0	0	1
194	90	0	32.5	0	0	1
194	90	1	33.3	0	0	1
195	0	0	8.7315	0	0	0
195	0	1	11.574	0	0	0
195	8	0	11	0	0	0
195	8	1	10.1	0	0	0
195	13	0	9.7	0	0	0
195	13	1	12.6	0	0	0
195	21	0	8.9	0	0	0
195	21	1	12.6	0	0	0
195	34	0	10.7	0	0	0
195	34	1	15.9	0	0	0
195	55	0	15.2	0	0	0
195	55	1	16.5	0	0	0
195	90	0	19.6	0	0	0
195	90	1	27.9	0	0	0
196	0	0	4.0093	0	0	0
196	0	1	11.102	0	0	0
196	8	0	4.3	0	0	0
196	8	1	8.9	0	0	0
196	13	0	4.6	0	0	0
196	13	1	11.4	0	0	0
196	21	0	6.1	0	0	0
196	21	1	14.5	0	0	0
196	34	0	4.9	0	0	0
196	34	1	13.3	0	0	0
196	55	0	7.7	0	0	0
196	55	1	17	0	0	0
196	90	0	12.3	0	0	0
196	90	1	22.9	0	0	0
197	0	0	3.6574	0	0	0
197	0	1	6.5926	0	0	0
197	8	0	2.8	0	0	0
197	8	1	5.8	0	0	0
197	13	0	4	0	0	0
197	13	1	7.4	0	0	0
197	21	0	3.3	0	0	0
197	21	1	7.7	0	0	0
197	34	0	3.8	0	0	0
197	34	1	6.6	0	0	0
197	55	0	4.4	0	0	0
197	55	1	6.6	0	0	0
197	90	0	6.3	0	0	0
197	90	1	9.3	0	0	0
198	0	0	2.8981	0	0	0
198	0	1	3.8241	0	0	0
198	8	0	4.1	0	0	0
198	8	1	3.6	0	0	0
198	13	0	4.5	0	0	0
198	13	1	3.8	0	0	0
198	21	0	3.4	0	0	0
198	21	1	4.9	0	0	0
198	34	0	4.4	0	0	0
198	34	1	3.8	0	0	0
198	55	0	5.9	0	0	0
198	55	1	6.1	0	0	0
198	90	0	6.9	0	0	0
198	90	1	6.5	0	0	0
199	0	0	0.7037	0	0	1
199	0	1	29.009	0	0	1
199	8	0	0.8	0	0	1
199	8	1	28.3	0	0	1
199	13	0	0.9	0	0	1
199	13	1	30.8	0	0	1
199	21	0	2.1	0	0	1
199	21	1	34.3	0	0	1
199	34	0	3.7	0	0	1
199	34	1	41	0	0	1
199	55	0	8.7	0	0	1
199	55	1	46	0	0	1
199	90	0	15.7	0	0	1
199	90	1	57	0	0	1
200	0	0	6.8704	0	0	0
200	0	1	21.954	0	0	0
200	8	0	7.5	0	0	0
200	8	1	25.8	0	0	0
200	13	0	8.9	0	0	0
200	13	1	26.4	0	0	0
200	21	0	13.2	0	0	0
200	21	1	32.5	0	0	0
200	34	0	14.6	0	0	0
200	34	1	33.9	0	0	0
200	55	0	23.1	0	0	0
200	55	1	42.5	0	0	0
200	90	0	30.3	0	0	0
200	90	1	41.5	0	0	0
201	0	0	0.13889	0	0	1
201	0	1	12.157	0	0	1
201	8	0	0.1	0	0	1
201	8	1	10.9	0	0	1
201	13	0	0.2	0	0	1
201	13	1	10.1	0	0	1
201	21	0	0.3	0	0	1
201	21	1	10.5	0	0	1
201	34	0	0.2	0	0	1
201	34	1	13.8	0	0	1
201	55	0	1.4	0	0	1
201	55	1	18.5	0	0	1
201	90	0	3.5	0	0	1
201	90	1	20.1	0	0	1
202	0	0	0.11111	0	0	0
202	0	1	10.787	0	0	0
202	8	0	0	0	0	0
202	8	1	11.7	0	0	0
202	13	0	0.2	0	0	0
202	13	1	11.6	0	0	0
202	21	0	0.3	0	0	0
202	21	1	10.9	0	0	0
202	34	0	0.2	0	0	0
202	34	1	10.7	0	0	0
202	55	0	0.5	0	0	0
202	55	1	14.4	0	0	0
202	90	0	2.2	0	0	0
202	90	1	17.9	0	0	0
203	0	0	3.1296	0	0	0
203	0	1	11.824	0	0	0
203	8	0	3.6	0	0	0
203	8	1	12.5	0	0	0
203	13	0	3.1	0	0	0
203	13	1	12.3	0	0	0
203	21	0	4	0	0	0
203	21	1	13.3	0	0	0
203	34	0	5.6	0	0	0
203	34	1	15.4	0	0	0
203	55	0	6.3	0	0	0
203	55	1	17.2	0	0	0
203	90	0	11.6	0	0	0
203	90	1	20.6	0	0	0
204	0	0	2.6389	0	0	0
204	0	1	7.4815	0	0	0
204	8	0	2.7	0	0	0
204	8	1	6.7	0	0	0
204	13	0	2.2	0	0	0
204	13	1	7.2	0	0	0
204	21	0	2.7	0	0	0
204	21	1	7.8	0	0	0
204	34	0	2.7	0	0	0
204	34	1	8	0	0	0
204	55	0	3.1	0	0	0
204	55	1	7.8	0	0	0
204	90	0	4.7	0	0	0
204	90	1	11.2	0	0	0
205	0	0	3.7963	0	0	0
205	0	1	6.0833	0	0	0
205	8	0	3.1	0	0	0
205	8	1	6.5	0	0	0
205	13	0	3.1	0	0	0
205	13	1	6.4	0	0	0
205	21	0	3.7	0	0	0
205	21	1	6.1	0	0	0
205	34	0	3.7	0	0	0
205	34	1	6.4	0	0	0
205	55	0	4.7	0	0	0
205	55	1	9	0	0	0
205	90	0	6	0	0	0
205	90	1	9.3	0	0	0
206	0	0	14.583	0	0	0
206	0	1	11.898	0	0	0
206	8	0	12.4	0	0	0
206	8	1	10.3	0	0	0
206	13	0	15.6	0	0	0
206	13	1	11.1	0	0	0
206	21	0	13.8	0	0	0
206	21	1	9.5	0	0	0
206	34	0	13.5	0	0	0
206	34	1	10.5	0	0	0
206	55	0	13.2	0	0	0
206	55	1	14.6	0	0	0
206	90	0	27.8	0	0	0
206	90	1	23.9	0	0	0
207	0	0	20.222	0	0	0
207	0	1	42.241	0	0	0
207	8	0	21.9	0	0	0
207	8	1	40.8	0	0	0
207	13	0	23.3	0	0	0
207	13	1	44.1	0	0	0
207	21	0	17.9	0	0	0
207	21	1	44.6	0	0	0
207	34	0	19.5	0	0	0
207	34	1	46.5	0	0	0
207	55	0	24.1	0	0	0
207	55	1	50.7	0	0	0
207	90	0	29.5	0	0	0
207	90	1	51.5	0	0	0
208	0	0	14.315	0	0	0
208	0	1	18.065	0	0	0
208	8	0	13.8	0	0	0
208	8	1	17.7	0	0	0
208	13	0	14.8	0	0	0
208	13	1	19.2	0	0	0
208	21	0	15.2	0	0	0
208	21	1	17.2	0	0	0
208	34	0	15.1	0	0	0
208	34	1	18.4	0	0	0
208	55	0	16.9	0	0	0
208	55	1	19.9	0	0	0
208	90	0	17.8	0	0	0
208	90	1	19	0	0	0
209	0	0	2.2222	0	0	0
209	0	1	3.2685	0	0	0
209	8	0	2	0	0	0
209	8	1	2.5	0	0	0
209	13	0	1.9	0	0	0
209	13	1	5.5	0	0	0
209	21	0	1.8	0	0	0
209	21	1	2.4	0	0	0
209	34	0	2.6	0	0	0
209	34	1	3.5	0	0	0
209	55	0	2.9	0	0	0
209	55	1	5.1	0	0	0
209	90	0	6.3	0	0	0
209	90	1	7.7	0	0	0
210	0	0	11.222	0	0	0
210	0	1	14.37	0	0	0
210	8	0	10.6	0	0	0
210	8	1	15.2	0	0	0
210	13	0	11.2	0	0	0
210	13	1	14.8	0	0	0
210	21	0	11	0	0	0
210	21	1	13.6	0	0	0
210	34	0	10.7	0	0	0
210	34	1	14.9	0	0	0
210	55	0	12.4	0	0	0
210	55	1	16.4	0	0	0
210	90	0	18.8	0	0	0
210	90	1	19.4	0	0	0
211	0	0	2.8796	0	0	0
211	0	1	18.278	0	0	0
211	8	0	3.4	0	0	0
211	8	1	19.4	0	0	0
211	13	0	2.7	0	0	0
211	13	1	16.3	0	0	0
211	21	0	2.6	0	0	0
211	21	1	18.3	0	0	0
211	34	0	4.1	0	0	0
211	34	1	20.6	0	0	0
211	55	0	2.9	0	0	0
211	55	1	17.6	0	0	0
211	90	0	6.3	0	0	0
211	90	1	16	0	0	0
212	0	0	1.4074	0	0	0
212	0	1	5.1944	0	0	0
212	8	0	2.1	0	0	0
212	8	1	5.3	0	0	0
212	13	0	2	0	0	0
212	13	1	5	0	0	0
212	21	0	1.3	0	0	0
212	21	1	5.1	0	0	0
212	34	0	1.3	0	0	0
212	34	1	6.5	0	0	0
212	55	0	2.5	0	0	0
212	55	1	7.6	0	0	0
212	90	0	5.2	0	0	0
212	90	1	10.7	0	0	0
213	0	0	9.8611	0	0	0
213	0	1	18.361	0	0	0
213	8	0	10.2	0	0	0
213	8	1	18.8	0	0	0
213	13	0	10.9	0	0	0
213	13	1	20.6	0	0	0
213	21	0	11.4	0	0	0
213	21	1	18	0	0	0
213	34	0	14.6	0	0	0
213	34	1	21	0	0	0
213	55	0	15.5	0	0	0
213	55	1	19.4	0	0	0
213	90	0	19.1	0	0	0
213	90	1	23.1	0	0	0
214	0	0	13.269	0	0	1
214	0	1	11.972	0	0	1
214	8	0	12.4	0	0	1
214	8	1	12.2	0	0	1
214	13	0	15.7	0	0	1
214	13	1	15.2	0	0	1
214	21	0	16.8	0	0	1
214	21	1	15.3	0	0	1
214	34	0	17.2	0	0	1
214	34	1	18.2	0	0	1
214	55	0	18.5	0	0	1
214	55	1	20.9	0	0	1
214	90	0	23.4	0	0	1
214	90	1	27.5	0	0	1
215	0	0	7.963	0	0	0
215	0	1	10.065	0	0	0
215	8	0	7.9	0	0	0
215	8	1	9.4	0	0	0
215	13	0	9	0	0	0
215	13	1	11	0	0	0
215	21	0	8.4	0	0	0
215	21	1	11.7	0	0	0
215	34	0	9.4	0	0	0
215	34	1	13.6	0	0	0
215	55	0	13.5	0	0	0
215	55	1	13.2	0	0	0
215	90	0	16.4	0	0	0
215	90	1	18.7	0	0	0
216	0	0	6.25	0	0	0
216	0	1	13.102	0	0	0
216	8	0	6.4	0	0	0
216	8	1	14.4	0	0	0
216	13	0	7.6	0	0	0
216	13	1	13.3	0	0	0
216	21	0	6.8	0	0	0
216	21	1	16.2	0	0	0
216	34	0	7.8	0	0	0
216	34	1	17.7	0	0	0
216	55	0	6.6	0	0	0
216	55	1	18.9	0	0	0
216	90	0	12.9	0	0	0
216	90	1	23.5	0	0	0
217	0	0	4.9722	0	0	0
217	0	1	10.5	0	0	0
217	8	0	5	0	0	0
217	8	1	12.2	0	0	0
217	13	0	5.2	0	0	0
217	13	1	9.5	0	0	0
217	21	0	5.4	0	0	0
217	21	1	10.2	0	0	0
217	34	0	4.8	0	0	0
217	34	1	9.7	0	0	0
217	55	0	5.2	0	0	0
217	55	1	11.3	0	0	0
217	90	0	6.7	0	0	0
217	90	1	10.1	0	0	0
218	0	0	0.4537	0	0	1
218	0	1	0.46296	0	0	1
218	8	0	0.6	0	0	1
218	8	1	0.3	0	0	1
218	13	0	0.8	0	0	1
218	13	1	0.5	0	0	1
218	21	0	0.2	0	0	1
218	21	1	0.1	0	0	1
218	34	0	0.4	0	0	1
218	34	1	0.3	0	0	1
218	55	0	0.7	0	0	1
218	55	1	0.3	0	0	1
218	90	0	6.6	0	0	1
218	90	1	4.9	0	0	1
219	0	0	8.5741	0	0	0
219	0	1	41.843	0	0	0
219	8	0	9.4	0	0	0
219	8	1	41.1	0	0	0
219	13	0	8.7	0	0	0
219	13	1	41.4	0	0	0
219	21	0	7.9	0	0	0
219	21	1	40.2	0	0	0
219	34	0	8.5	0	0	0
219	34	1	36	0	0	0
219	55	0	8	0	0	0
219	55	1	40.4	0	0	0
219	90	0	19.6	0	0	0
219	90	1	51	0	0	0
220	0	0	15.167	0	0	0
220	0	1	43.898	0	0	0
220	8	0	19	0	0	0
220	8	1	42.1	0	0	0
220	13	0	14.4	0	0	0
220	13	1	45.1	0	0	0
220	21	0	14.1	0	0	0
220	21	1	41.5	0	0	0
220	34	0	16.5	0	0	0
220	34	1	38.6	0	0	0
220	55	0	16.5	0	0	0
220	55	1	39.7	0	0	0
220	90	0	23.3	0	0	0
220	90	1	45.3	0	0	0
221	0	0	2.0648	0	0	0
221	0	1	3.3519	0	0	0
221	8	0	2.1	0	0	0
221	8	1	2.6	0	0	0
221	13	0	2.5	0	0	0
221	13	1	3.6	0	0	0
221	21	0	3	0	0	0
221	21	1	3.7	0	0	0
221	34	0	2.8	0	0	0
221	34	1	4.4	0	0	0
221	55	0	4.9	0	0	0
221	55	1	5.1	0	0	0
221	90	0	6.8	0	0	0
221	90	1	7.6	0	0	0
222	0	0	5.3519	0	0	0
222	0	1	18.944	0	0	0
222	8	0	6.3	0	0	0
222	8	1	19.1	0	0	0
222	13	0	7.4	0	0	0
222	13	1	23.8	0	0	0
222	21	0	7.9	0	0	0
222	21	1	24.5	0	0	0
222	34	0	11.6	0	0	0
222	34	1	27.5	0	0	0
222	55	0	12.7	0	0	0
222	55	1	26.3	0	0	0
222	90	0	22.1	0	0	0
222	90	1	33.4	0	0	0
223	0	0	10.843	0	0	0
223	0	1	25.204	0	0	0
223	8	0	11.7	0	0	0
223	8	1	26.4	0	0	0
223	13	0	13.3	0	0	0
223	13	1	29.6	0	0	0
223	21	0	16.4	0	0	0
223	21	1	26.6	0	0	0
223	34	0	19.3	0	0	0
223	34	1	30.8	0	0	0
223	55	0	24.1	0	0	0
223	55	1	30.4	0	0	0
223	90	0	30.7	0	0	0
223	90	1	37	0	0	0
224	0	0	8.0648	0	0	0
224	0	1	12.12	0	0	0
224	8	0	10.2	0	0	0
224	8	1	11.4	0	0	0
224	13	0	8.5	0	0	0
224	13	1	10.7	0	0	0
224	21	0	8.2	0	0	0
224	21	1	13.1	0	0	0
224	34	0	7.9	0	0	0
224	34	1	9.9	0	0	0
224	55	0	7.9	0	0	0
224	55	1	11.9	0	0	0
224	90	0	10.9	0	0	0
224	90	1	11.6	0	0	0
225	0	0	7.8629	0	0	0
225	0	1	21.124	0	0	0
225	8	0	8.3168	0	0	0
225	8	1	19.495	0	0	0
225	13	0	7.5248	0	0	0
225	13	1	18.384	0	0	0
225	21	0	6.2105	0	0	0
225	21	1	20	0	0	0
225	34	0	8.9216	0	0	0
225	34	1	18.776	0	0	0
225	55	0	9.1	0	0	0
225	55	1	20.7	0	0	0
225	90	0	9.802	0	0	0
225	90	1	21.515	0	0	0
226	0	0	1.266	0	0	0
226	0	1	4.9633	0	0	0
226	8	0	2.5743	0	0	0
226	8	1	8.5859	0	0	0
226	13	0	3.5644	0	0	0
226	13	1	7.4747	0	0	0
226	21	0	3.2632	0	0	0
226	21	1	9.1429	0	0	0
226	34	0	3.8235	0	0	0
226	34	1	8.4694	0	0	0
226	55	0	3.2	0	0	0
226	55	1	5.2	0	0	0
226	90	0	3.3663	0	0	0
226	90	1	6.4646	0	0	0
227	0	0	5.8357	0	0	0
227	0	1	21.156	0	0	0
227	8	0	12.574	0	0	0
227	8	1	26.566	0	0	0
227	13	0	13.96	0	0	0
227	13	1	28.283	0	0	0
227	21	0	11.474	0	0	0
227	21	1	29.81	0	0	0
227	34	0	10.784	0	0	0
227	34	1	30.102	0	0	0
227	55	0	13.6	0	0	0
227	55	1	27.6	0	0	0
227	90	0	12.97	0	0	0
227	90	1	27.778	0	0	0
228	0	0	8.7197	0	0	0
228	0	1	16.365	0	0	0
228	8	0	14.554	0	0	0
228	8	1	21.212	0	0	0
228	13	0	13.762	0	0	0
228	13	1	19.899	0	0	0
228	21	0	16.105	0	0	0
228	21	1	21.524	0	0	0
228	34	0	14.118	0	0	0
228	34	1	23.673	0	0	0
228	55	0	17.4	0	0	0
228	55	1	21.4	0	0	0
228	90	0	15.149	0	0	0
228	90	1	19.596	0	0	0
229	0	0	0.14793	0	0	0
229	0	1	14.993	0	0	0
229	8	0	3.2673	0	0	0
229	8	1	18.586	0	0	0
229	13	0	4.8515	0	0	0
229	13	1	19.192	0	0	0
229	21	0	3.3684	0	0	0
229	21	1	19.238	0	0	0
229	34	0	1.7647	0	0	0
229	34	1	17.653	0	0	0
229	55	0	4.5	0	0	0
229	55	1	18.2	0	0	0
229	90	0	2.8713	0	0	0
229	90	1	18.99	0	0	0
230	0	0	1.4255	0	0	0
230	0	1	29.011	0	0	0
230	8	0	3.2673	0	0	0
230	8	1	30.909	0	0	0
230	13	0	5.3465	0	0	0
230	13	1	30	0	0	0
230	21	0	3.4737	0	0	0
230	21	1	26.095	0	0	0
230	34	0	3.3333	0	0	0
230	34	1	27.551	0	0	0
230	55	0	4.3	0	0	0
230	55	1	30.4	0	0	0
230	90	0	4.3564	0	0	0
230	90	1	30.909	0	0	0
231	0	0	4.6819	0	0	0
231	0	1	51.85	0	0	0
231	8	0	12.178	0	0	0
231	8	1	59.293	0	0	0
231	13	0	15.248	0	0	0
231	13	1	56.667	0	0	0
231	21	0	12.211	0	0	0
231	21	1	55.81	0	0	0
231	34	0	12.451	0	0	0
231	34	1	56.224	0	0	0
231	55	0	16.4	0	0	0
231	55	1	56	0	0	0
231	90	0	15.545	0	0	0
231	90	1	56.162	0	0	0
232	0	0	16.694	0	0	1
232	0	1	42.49	0	0	1
232	8	0	26.337	0	0	1
232	8	1	48.485	0	0	1
232	13	0	33.168	0	0	1
232	13	1	48.283	0	0	1
232	21	0	30.737	0	0	1
232	21	1	51.524	0	0	1
232	34	0	25.686	0	0	1
232	34	1	50.306	0	0	1
232	55	0	31.9	0	0	1
232	55	1	46.7	0	0	1
232	90	0	27.921	0	0	1
232	90	1	46.465	0	0	1
233	0	0	3.9644	0	0	0
233	0	1	10.078	0	0	0
233	8	0	5.9406	0	0	0
233	8	1	13.737	0	0	0
233	13	0	6.6337	0	0	0
233	13	1	11.212	0	0	0
233	21	0	5.7895	0	0	0
233	21	1	12.857	0	0	0
233	34	0	3.9216	0	0	0
233	34	1	11.122	0	0	0
233	55	0	5.5	0	0	0
233	55	1	10.4	0	0	0
233	90	0	6.9307	0	0	0
233	90	1	11.313	0	0	0
234	0	0	4.4907	0	0	0
234	0	1	8.3889	0	0	0
234	8	0	5.9	0	0	0
234	8	1	6.8	0	0	0
234	13	0	4.9	0	0	0
234	13	1	8.9	0	0	0
234	21	0	4.3	0	0	0
234	21	1	7.6	0	0	0
234	34	0	4.4	0	0	0
234	34	1	8.4	0	0	0
234	55	0	5.7	0	0	0
234	55	1	8.9	0	0	0
234	90	0	10.5	0	0	0
234	90	1	11.4	0	0	0
235	0	0	4.6759	0	0	0
235	0	1	20.935	0	0	0
235	8	0	5.6	0	0	0
235	8	1	19.1	0	0	0
235	13	0	4.1	0	0	0
235	13	1	21.9	0	0	0
235	21	0	4.2	0	0	0
235	21	1	17.6	0	0	0
235	34	0	3.9	0	0	0
235	34	1	19.8	0	0	0
235	55	0	3.8	0	0	0
235	55	1	20.7	0	0	0
235	90	0	6.9	0	0	0
235	90	1	24.8	0	0	0
236	0	0	4.0093	0	0	0
236	0	1	18.583	0	0	0
236	8	0	3.6	0	0	0
236	8	1	17.4	0	0	0
236	13	0	3.2	0	0	0
236	13	1	19.2	0	0	0
236	21	0	3.5	0	0	0
236	21	1	18.1	0	0	0
236	34	0	3.7	0	0	0
236	34	1	17.5	0	0	0
236	55	0	6.4	0	0	0
236	55	1	22.4	0	0	0
236	90	0	11.2	0	0	0
236	90	1	25.3	0	0	0
237	0	0	7	0	0	0
237	0	1	16.843	0	0	0
237	8	0	7.2	0	0	0
237	8	1	15	0	0	0
237	13	0	6.5	0	0	0
237	13	1	15.7	0	0	0
237	21	0	7.4	0	0	0
237	21	1	15.3	0	0	0
237	34	0	5.8	0	0	0
237	34	1	16.6	0	0	0
237	55	0	7.9	0	0	0
237	55	1	15.3	0	0	0
237	90	0	10.2	0	0	0
237	90	1	17.9	0	0	0
238	0	0	0.074074	0	0	0
238	0	1	12.778	0	0	0
238	8	0	0.1	0	0	0
238	8	1	12.9	0	0	0
238	13	0	0	0	0	0
238	13	1	14.9	0	0	0
238	21	0	0.1	0	0	0
238	21	1	14.4	0	0	0
238	34	0	0.9	0	0	0
238	34	1	14.6	0	0	0
238	55	0	3.1	0	0	0
238	55	1	18.1	0	0	0
238	90	0	12.8	0	0	0
238	90	1	21.1	0	0	0
239	0	0	1.7963	0	0	0
239	0	1	26.944	0	0	0
239	8	0	2	0	0	0
239	8	1	27.7	0	0	0
239	13	0	1.4	0	0	0
239	13	1	25.5	0	0	0
239	21	0	2.3	0	0	0
239	21	1	28.6	0	0	0
239	34	0	1.8	0	0	0
239	34	1	29.2	0	0	0
239	55	0	4	0	0	0
239	55	1	28.9	0	0	0
239	90	0	9.4	0	0	0
239	90	1	32.9	0	0	0
240	0	0	5.213	0	0	0
240	0	1	54.824	0	0	0
240	8	0	4.5	0	0	0
240	8	1	53.3	0	0	0
240	13	0	4.8	0	0	0
240	13	1	61.1	0	0	0
240	21	0	5.5	0	0	0
240	21	1	63.2	0	0	0
240	34	0	8.1	0	0	0
240	34	1	62.3	0	0	0
240	55	0	13	0	0	0
240	55	1	63.9	0	0	0
240	90	0	34.4	0	0	0
240	90	1	69.3	0	0	0
241	0	0	16.306	0	0	1
241	0	1	18.25	0	0	1
241	8	0	13	0	0	1
241	8	1	17	0	0	1
241	13	0	14.5	0	0	1
241	13	1	17.9	0	0	1
241	21	0	14.9	0	0	1
241	21	1	14.5	0	0	1
241	34	0	15.8	0	0	1
241	34	1	16.9	0	0	1
241	55	0	37	0	0	1
241	55	1	25.1	0	0	1
241	90	0	76.8	0	0	1
241	90	1	44.9	0	0	1
242	0	0	2.8241	0	0	0
242	0	1	12.63	0	0	0
242	8	0	3	0	0	0
242	8	1	11.5	0	0	0
242	13	0	3.5	0	0	0
242	13	1	12.2	0	0	0
242	21	0	2.4	0	0	0
242	21	1	11.7	0	0	0
242	34	0	1.9	0	0	0
242	34	1	13.1	0	0	0
242	55	0	7.6	0	0	0
242	55	1	14.5	0	0	0
242	90	0	19.1	0	0	0
242	90	1	21.5	0	0	0
243	0	0	11.639	0	0	0
243	0	1	24.426	0	0	0
243	8	0	11	0	0	0
243	8	1	22.9	0	0	0
243	13	0	11.1	0	0	0
243	13	1	23.1	0	0	0
243	21	0	8.8	0	0	0
243	21	1	20.4	0	0	0
243	34	0	9.7	0	0	0
243	34	1	23.9	0	0	0
243	55	0	13.7	0	0	0
243	55	1	23.5	0	0	0
243	90	0	32.1	0	0	0
243	90	1	36.3	0	0	0
244	0	0	3.5463	0	0	0
244	0	1	10.167	0	0	0
244	8	0	3.8	0	0	0
244	8	1	9.3	0	0	0
244	13	0	3.7	0	0	0
244	13	1	10.1	0	0	0
244	21	0	4	0	0	0
244	21	1	6.8	0	0	0
244	34	0	4.2	0	0	0
244	34	1	9.1	0	0	0
244	55	0	5.1	0	0	0
244	55	1	9.2	0	0	0
244	90	0	8.4	0	0	0
244	90	1	10.9	0	0	0
245	0	0	5.6759	0	0	0
245	0	1	21.463	0	0	0
245	8	0	5.4	0	0	0
245	8	1	21	0	0	0
245	13	0	7.1	0	0	0
245	13	1	20.2	0	0	0
245	21	0	4.9	0	0	0
245	21	1	22	0	0	0
245	34	0	6.3	0	0	0
245	34	1	22.2	0	0	0
245	55	0	7.5	0	0	0
245	55	1	22.8	0	0	0
245	90	0	10.5	0	0	0
245	90	1	23.5	0	0	0
246	0	0	18.13	0	0	0
246	0	1	30.324	0	0	0
246	8	0	18.6	0	0	0
246	8	1	31.3	0	0	0
246	13	0	20.5	0	0	0
246	13	1	30.1	0	0	0
246	21	0	18.1	0	0	0
246	21	1	31.8	0	0	0
246	34	0	16.9	0	0	0
246	34	1	31.3	0	0	0
246	55	0	18.2	0	0	0
246	55	1	31.8	0	0	0
246	90	0	18	0	0	0
246	90	1	34.9	0	0	0
247	0	0	8.463	0	0	0
247	0	1	7.9444	0	0	0
247	8	0	8.4	0	0	0
247	8	1	6.3	0	0	0
247	13	0	8.6	0	0	0
247	13	1	7.6	0	0	0
247	21	0	11.9	0	0	0
247	21	1	6.5	0	0	0
247	34	0	8.1	0	0	0
247	34	1	6	0	0	0
247	55	0	10.3	0	0	0
247	55	1	7.3	0	0	0
247	90	0	15.7	0	0	0
247	90	1	14.6	0	0	0
248	0	0	6.8056	0	0	1
248	0	1	4.3056	0	0	1
248	8	0	5.7	0	0	1
248	8	1	3.2	0	0	1
248	13	0	7.4	0	0	1
248	13	1	3.9	0	0	1
248	21	0	7.7	0	0	1
248	21	1	6.4	0	0	1
248	34	0	5.7	0	0	1
248	34	1	5.5	0	0	1
248	55	0	8	0	0	1
248	55	1	6.8	0	0	1
248	90	0	8.2	0	0	1
248	90	1	5	0	0	1
249	0	0	2.9444	0	0	1
249	0	1	6.5556	0	0	1
249	8	0	3.2	0	0	1
249	8	1	4.9	0	0	1
249	13	0	4.1	0	0	1
249	13	1	5.9	0	0	1
249	21	0	3.4	0	0	1
249	21	1	6.8	0	0	1
249	34	0	3.4	0	0	1
249	34	1	6.6	0	0	1
249	55	0	4	0	0	1
249	55	1	6.5	0	0	1
249	90	0	5.1	0	0	1
249	90	1	7.4	0	0	1
250	0	0	10.491	0	0	0
250	0	1	4.3426	0	0	0
250	8	0	9.5	0	0	0
250	8	1	2.7	0	0	0
250	13	0	9.7	0	0	0
250	13	1	4.4	0	0	0
250	21	0	13	0	0	0
250	21	1	3.6	0	0	0
250	34	0	10.1	0	0	0
250	34	1	4.6	0	0	0
250	55	0	11.6	0	0	0
250	55	1	5.1	0	0	0
250	90	0	13	0	0	0
250	90	1	4.5	0	0	0
251	0	0	4.537	0	0	0
251	0	1	23.028	0	0	0
251	8	0	3.7	0	0	0
251	8	1	23	0	0	0
251	13	0	5.6	0	0	0
251	13	1	20.7	0	0	0
251	21	0	4.2	0	0	0
251	21	1	23.7	0	0	0
251	34	0	3.8	0	0	0
251	34	1	24.3	0	0	0
251	55	0	5.2	0	0	0
251	55	1	25.7	0	0	0
251	90	0	7.4	0	0	0
251	90	1	23.9	0	0	0
252	0	0	0.98148	0	0	0
252	0	1	5.9722	0	0	0
252	8	0	1	0	0	0
252	8	1	6.1	0	0	0
252	13	0	2.5	0	0	0
252	13	1	7.7	0	0	0
252	21	0	5.3	0	0	0
252	21	1	8	0	0	0
252	34	0	4.9	0	0	0
252	34	1	7.8	0	0	0
252	55	0	6.6	0	0	0
252	55	1	10	0	0	0
252	90	0	10.2	0	0	0
252	90	1	10.9	0	0	0
253	0	0	0.76852	0	0	0
253	0	1	11.602	0	0	0
253	8	0	0.8	0	0	0
253	8	1	11.2	0	0	0
253	13	0	1.8	0	0	0
253	13	1	13.3	0	0	0
253	21	0	4.8	0	0	0
253	21	1	12.9	0	0	0
253	34	0	4.3	0	0	0
253	34	1	14.8	0	0	0
253	55	0	6.9	0	0	0
253	55	1	16.6	0	0	0
253	90	0	12.7	0	0	0
253	90	1	19.4	0	0	0
254	0	0	2.1759	0	0	0
254	0	1	10.463	0	0	0
254	8	0	1.8	0	0	0
254	8	1	9.6	0	0	0
254	13	0	3.3	0	0	0
254	13	1	10.9	0	0	0
254	21	0	5.1	0	0	0
254	21	1	11.4	0	0	0
254	34	0	6.7	0	0	0
254	34	1	13.3	0	0	0
254	55	0	7.1	0	0	0
254	55	1	12.1	0	0	0
254	90	0	11.6	0	0	0
254	90	1	19.6	0	0	0
255	0	0	8.1296	0	0	0
255	0	1	53.556	0	0	0
255	8	0	9.3	0	0	0
255	8	1	50.8	0	0	0
255	13	0	12.9	0	0	0
255	13	1	55.2	0	0	0
255	21	0	11	0	0	0
255	21	1	51	0	0	0
255	34	0	9.6	0	0	0
255	34	1	47	0	0	0
255	55	0	10.5	0	0	0
255	55	1	49	0	0	0
255	90	0	19.1	0	0	0
255	90	1	56.5	0	0	0
256	0	0	12.352	0	0	1
256	0	1	6.4259	0	0	1
256	8	0	13.3	0	0	1
256	8	1	6.6	0	0	1
256	13	0	11	0	0	1
256	13	1	6.2	0	0	1
256	21	0	13.2	0	0	1
256	21	1	8.2	0	0	1
256	34	0	10.4	0	0	1
256	34	1	7.2	0	0	1
256	55	0	14.4	0	0	1
256	55	1	7.5	0	0	1
256	90	0	15.3	0	0	1
256	90	1	6.7	0	0	1
257	0	0	10.824	0	0	0
257	0	1	5.4074	0	0	0
257	8	0	9.5	0	0	0
257	8	1	6.5	0	0	0
257	13	0	9.5	0	0	0
257	13	1	4.7	0	0	0
257	21	0	11.9	0	0	0
257	21	1	6	0	0	0
257	34	0	8.4	0	0	0
257	34	1	6.9	0	0	0
257	55	0	12.9	0	0	0
257	55	1	5.1	0	0	0
257	90	0	13.2	0	0	0
257	90	1	6.7	0	0	0
258	0	0	2.8241	0	0	0
258	0	1	3.1759	0	0	0
258	8	0	3.3	0	0	0
258	8	1	3.5	0	0	0
258	13	0	3.6	0	0	0
258	13	1	4.1	0	0	0
258	21	0	2.9	0	0	0
258	21	1	4	0	0	0
258	34	0	2.5	0	0	0
258	34	1	3.3	0	0	0
258	55	0	3.4	0	0	0
258	55	1	2.5	0	0	0
258	90	0	4.7	0	0	0
258	90	1	5.5	0	0	0
259	0	0	3.4537	0	0	0
259	0	1	2.713	0	0	0
259	8	0	4.2	0	0	0
259	8	1	3.3	0	0	0
259	13	0	4.5	0	0	0
259	13	1	2.7	0	0	0
259	21	0	3.3	0	0	0
259	21	1	3.2	0	0	0
259	34	0	3.3	0	0	0
259	34	1	2.1	0	0	0
259	55	0	2.9	0	0	0
259	55	1	3.2	0	0	0
259	90	0	4.9	0	0	0
259	90	1	3	0	0	0
260	0	0	16.861	0	0	1
260	0	1	11.944	0	0	1
260	8	0	18.4	0	0	1
260	8	1	9.7	0	0	1
260	13	0	20.8	0	0	1
260	13	1	11.9	0	0	1
260	21	0	22.2	0	0	1
260	21	1	15.4	0	0	1
260	34	0	17.3	0	0	1
260	34	1	13.5	0	0	1
260	55	0	22.9	0	0	1
260	55	1	17.1	0	0	1
260	90	0	30.1	0	0	1
260	90	1	18.4	0	0	1
261	0	0	0.81481	0	0	1
261	0	1	10.444	0	0	1
261	8	0	0.5	0	0	1
261	8	1	11	0	0	1
261	13	0	2.1	0	0	1
261	13	1	11.1	0	0	1
261	21	0	1	0	0	1
261	21	1	13.2	0	0	1
261	34	0	0.9	0	0	1
261	34	1	13.4	0	0	1
261	55	0	2	0	0	1
261	55	1	14.7	0	0	1
261	90	0	2.8	0	0	1
261	90	1	20.8	0	0	1
262	0	0	4.8889	0	0	1
262	0	1	0.91667	0	0	1
262	8	0	5.5	0	0	1
262	8	1	0.9	0	0	1
262	13	0	5.9	0	0	1
262	13	1	0.6	0	0	1
262	21	0	6.1	0	0	1
262	21	1	0.7	0	0	1
262	34	0	5.9	0	0	1
262	34	1	1.2	0	0	1
262	55	0	7.8	0	0	1
262	55	1	1.4	0	0	1
262	90	0	11.6	0	0	1
262	90	1	1.5	0	0	1
263	0	0	1.963	0	0	0
263	0	1	1.4074	0	0	0
263	8	0	2.1	0	0	0
263	8	1	0.6	0	0	0
263	13	0	1.7	0	0	0
263	13	1	1.6	0	0	0
263	21	0	2.8	0	0	0
263	21	1	1.2	0	0	0
263	34	0	2.3	0	0	0
263	34	1	2	0	0	0
263	55	0	2.5	0	0	0
263	55	1	1.7	0	0	0
263	90	0	4.3	0	0	0
263	90	1	2	0	0	0
264	0	0	6.3981	0	0	0
264	0	1	7.8056	0	0	0
264	8	0	5.1	0	0	0
264	8	1	8	0	0	0
264	13	0	6	0	0	0
264	13	1	7.9	0	0	0
264	21	0	7.2	0	0	0
264	21	1	8.2	0	0	0
264	34	0	7	0	0	0
264	34	1	6	0	0	0
264	55	0	7.9	0	0	0
264	55	1	7.1	0	0	0
264	90	0	8.7	0	0	0
264	90	1	9.4	0	0	0
265	0	0	0.50926	0	0	0
265	0	1	13.62	0	0	0
265	8	0	0.3	0	0	0
265	8	1	10.9	0	0	0
265	13	0	1.2	0	0	0
265	13	1	15.4	0	0	0
265	21	0	1.3	0	0	0
265	21	1	15.1	0	0	0
265	34	0	2	0	0	0
265	34	1	17.3	0	0	0
265	55	0	3.4	0	0	0
265	55	1	16.3	0	0	0
265	90	0	7.1	0	0	0
265	90	1	22	0	0	0
266	0	0	1.5741	0	0	0
266	0	1	23.417	0	0	0
266	8	0	2.4	0	0	0
266	8	1	24.4	0	0	0
266	13	0	3.2	0	0	0
266	13	1	29.7	0	0	0
266	21	0	6.5	0	0	0
266	21	1	30.8	0	0	0
266	34	0	10.7	0	0	0
266	34	1	30	0	0	0
266	55	0	10.3	0	0	0
266	55	1	35.1	0	0	0
266	90	0	19.9	0	0	0
266	90	1	40.8	0	0	0
267	0	0	2.9167	0	0	0
267	0	1	2.6667	0	0	0
267	8	0	2.6	0	0	0
267	8	1	2.6	0	0	0
267	13	0	3.9	0	0	0
267	13	1	2.9	0	0	0
267	21	0	2	0	0	0
267	21	1	3.1	0	0	0
267	34	0	2.5	0	0	0
267	34	1	2.7	0	0	0
267	55	0	3.8	0	0	0
267	55	1	4	0	0	0
267	90	0	4.3	0	0	0
267	90	1	2.3	0	0	0
268	0	0	0.64815	0	0	0
268	0	1	2.6019	0	0	0
268	8	0	1	0	0	0
268	8	1	3.1	0	0	0
268	13	0	0.9	0	0	0
268	13	1	3.2	0	0	0
268	21	0	0.8	0	0	0
268	21	1	2.4	0	0	0
268	34	0	0.8	0	0	0
268	34	1	2.3	0	0	0
268	55	0	1.3	0	0	0
268	55	1	2.8	0	0	0
268	90	0	3.5	0	0	0
268	90	1	3.1	0	0	0
269	0	0	0.63889	0	0	0
269	0	1	1.4259	0	0	0
269	8	0	1.2	0	0	0
269	8	1	1.2	0	0	0
269	13	0	1	0	0	0
269	13	1	1.2	0	0	0
269	21	0	1.1	0	0	0
269	21	1	1.8	0	0	0
269	34	0	0.9	0	0	0
269	34	1	1.4	0	0	0
269	55	0	2.2	0	0	0
269	55	1	1.3	0	0	0
269	90	0	3.2	0	0	0
269	90	1	1.7	0	0	0
270	0	0	1.4352	0	0	0
270	0	1	1.0463	0	0	0
270	8	0	1.3	0	0	0
270	8	1	2	0	0	0
270	13	0	2.2	0	0	0
270	13	1	1.4	0	0	0
270	21	0	1.5	0	0	0
270	21	1	1.4	0	0	0
270	34	0	1.8	0	0	0
270	34	1	1.3	0	0	0
270	55	0	2.9	0	0	0
270	55	1	2.2	0	0	0
270	90	0	3.9	0	0	0
270	90	1	4.9	0	0	0
271	0	0	2.2407	0	0	0
271	0	1	1.963	0	0	0
271	8	0	3.4	0	0	0
271	8	1	3	0	0	0
271	13	0	2.9	0	0	0
271	13	1	2.1	0	0	0
271	21	0	2.5	0	0	0
271	21	1	2.6	0	0	0
271	34	0	3.4	0	0	0
271	34	1	4.3	0	0	0
271	55	0	5	0	0	0
271	55	1	3.5	0	0	0
271	90	0	8.9	0	0	0
271	90	1	7.4	0	0	0
272	0	0	0.55556	0	0	0
272	0	1	1.4444	0	0	0
272	8	0	0.9	0	0	0
272	8	1	1.3	0	0	0
272	13	0	1	0	0	0
272	13	1	1	0	0	0
272	21	0	0.7	0	0	0
272	21	1	1.2	0	0	0
272	34	0	1	0	0	0
272	34	1	1.2	0	0	0
272	55	0	1.6	0	0	0
272	55	1	1.4	0	0	0
272	90	0	2.7	0	0	0
272	90	1	2.3	0	0	0
273	0	0	4.287	0	0	0
273	0	1	4.2778	0	0	0
273	8	0	4.6	0	0	0
273	8	1	3.8	0	0	0
273	13	0	6.7	0	0	0
273	13	1	4.9	0	0	0
273	21	0	4.1	0	0	0
273	21	1	4.2	0	0	0
273	34	0	6.8	0	0	0
273	34	1	6.1	0	0	0
273	55	0	5.9	0	0	0
273	55	1	7.2	0	0	0
273	90	0	8.6	0	0	0
273	90	1	7.4	0	0	0
274	0	0	0.14815	0	0	1
274	0	1	0.15741	0	0	1
274	8	0	0.2	0	0	1
274	8	1	0.1	0	0	1
274	13	0	0.1	0	0	1
274	13	1	0	0	0	1
274	21	0	0.4	0	0	1
274	21	1	0.2	0	0	1
274	34	0	0.7	0	0	1
274	34	1	0.1	0	0	1
274	55	0	1.2	0	0	1
274	55	1	0	0	0	1
274	90	0	2.9	0	0	1
274	90	1	0	0	0	1
275	0	0	0.37037	0	0	0
275	0	1	1.3056	0	0	0
275	8	0	0.3	0	0	0
275	8	1	1.3	0	0	0
275	13	0	0.7	0	0	0
275	13	1	1.4	0	0	0
275	21	0	1.1	0	0	0
275	21	1	1.6	0	0	0
275	34	0	1.4	0	0	0
275	34	1	1.2	0	0	0
275	55	0	2.1	0	0	0
275	55	1	1.6	0	0	0
275	90	0	2.9	0	0	0
275	90	1	0.9	0	0	0
276	0	0	1.3796	0	0	0
276	0	1	0.96296	0	0	0
276	8	0	2.5	0	0	0
276	8	1	1.3	0	0	0
276	13	0	2.5	0	0	0
276	13	1	1.6	0	0	0
276	21	0	1.4	0	0	0
276	21	1	1.5	0	0	0
276	34	0	1.9	0	0	0
276	34	1	1.9	0	0	0
276	55	0	2.2	0	0	0
276	55	1	2.1	0	0	0
276	90	0	3.7	0	0	0
276	90	1	2.1	0	0	0
277	0	0	0.87037	0	0	1
277	0	1	2.3889	0	0	1
277	8	0	1.1	0	0	1
277	8	1	2.3	0	0	1
277	13	0	1.3	0	0	1
277	13	1	1.4	0	0	1
277	21	0	0.8	0	0	1
277	21	1	1.9	0	0	1
277	34	0	1.4	0	0	1
277	34	1	2	0	0	1
277	55	0	1.9	0	0	1
277	55	1	1.1	0	0	1
277	90	0	3.6	0	0	1
277	90	1	1.7	0	0	1
278	0	0	4.4444	0	0	0
278	0	1	3.5648	0	0	0
278	8	0	5.1	0	0	0
278	8	1	3.9	0	0	0
278	13	0	6.6	0	0	0
278	13	1	5.4	0	0	0
278	21	0	7.9	0	0	0
278	21	1	4.4	0	0	0
278	34	0	9.4	0	0	0
278	34	1	5.8	0	0	0
278	55	0	12	0	0	0
278	55	1	5.9	0	0	0
278	90	0	14.2	0	0	0
278	90	1	9.8	0	0	0
279	0	0	2.1204	0	0	0
279	0	1	2.2685	0	0	0
279	8	0	1.9	0	0	0
279	8	1	2.2	0	0	0
279	13	0	3.3	0	0	0
279	13	1	3.3	0	0	0
279	21	0	2.9	0	0	0
279	21	1	2	0	0	0
279	34	0	3.6	0	0	0
279	34	1	3.5	0	0	0
279	55	0	4.9	0	0	0
279	55	1	3.7	0	0	0
279	90	0	7.8	0	0	0
279	90	1	5.2	0	0	0
280	0	0	0.59259	0	0	0
280	0	1	0.93519	0	0	0
280	8	0	1.5	0	0	0
280	8	1	0.7	0	0	0
280	13	0	1.8	0	0	0
280	13	1	1.5	0	0	0
280	21	0	3.1	0	0	0
280	21	1	1.5	0	0	0
280	34	0	2.8	0	0	0
280	34	1	1.8	0	0	0
280	55	0	4.1	0	0	0
280	55	1	2.6	0	0	0
280	90	0	5.2	0	0	0
280	90	1	2.6	0	0	0
281	0	0	0.4537	0	0	0
281	0	1	3.8981	0	0	0
281	8	0	0.3	0	0	0
281	8	1	4.1	0	0	0
281	13	0	0.8	0	0	0
281	13	1	5.1	0	0	0
281	21	0	1	0	0	0
281	21	1	4.8	0	0	0
281	34	0	1.3	0	0	0
281	34	1	5.7	0	0	0
281	55	0	1.7	0	0	0
281	55	1	6.7	0	0	0
281	90	0	3.4	0	0	0
281	90	1	9.1	0	0	0
282	0	0	0.91667	0	0	0
282	0	1	2.0926	0	0	0
282	8	0	1.2	0	0	0
282	8	1	2.3	0	0	0
282	13	0	1.2	0	0	0
282	13	1	2.6	0	0	0
282	21	0	2	0	0	0
282	21	1	2.9	0	0	0
282	34	0	1.4	0	0	0
282	34	1	2.7	0	0	0
282	55	0	2.5	0	0	0
282	55	1	2.5	0	0	0
282	90	0	3.6	0	0	0
282	90	1	3.4	0	0	0
283	0	0	0.57407	0	0	0
283	0	1	3.1759	0	0	0
283	8	0	0.6	0	0	0
283	8	1	3.8	0	0	0
283	13	0	0.7	0	0	0
283	13	1	3.4	0	0	0
283	21	0	1.6	0	0	0
283	21	1	3.1	0	0	0
283	34	0	1.2	0	0	0
283	34	1	4.7	0	0	0
283	55	0	3.5	0	0	0
283	55	1	5	0	0	0
283	90	0	8.3	0	0	0
283	90	1	12.6	0	0	0
284	0	0	1.2222	0	0	0
284	0	1	1.5556	0	0	0
284	8	0	1.8	0	0	0
284	8	1	1.8	0	0	0
284	13	0	1.6	0	0	0
284	13	1	1	0	0	0
284	21	0	1.7	0	0	0
284	21	1	2.6	0	0	0
284	34	0	4	0	0	0
284	34	1	4.2	0	0	0
284	55	0	7.6	0	0	0
284	55	1	8.3	0	0	0
284	90	0	15.5	0	0	0
284	90	1	19.3	0	0	0
285	0	0	0.52778	0	0	1
285	0	1	0.27778	0	0	1
285	8	0	0.4	0	0	1
285	8	1	0	0	0	1
285	13	0	1	0	0	1
285	13	1	0	0	0	1
285	21	0	0.8	0	0	1
285	21	1	0	0	0	1
285	34	0	1.6	0	0	1
285	34	1	0	0	0	1
285	55	0	1.9	0	0	1
285	55	1	0	0	0	1
285	90	0	2.7	0	0	1
285	90	1	0	0	0	1
286	0	0	0.37037	0	0	0
286	0	1	0.44444	0	0	0
286	8	0	0.4	0	0	0
286	8	1	0.5	0	0	0
286	13	0	0.3	0	0	0
286	13	1	0.6	0	0	0
286	21	0	0.6	0	0	0
286	21	1	0.4	0	0	0
286	34	0	0.5	0	0	0
286	34	1	0.5	0	0	0
286	55	0	1	0	0	0
286	55	1	0.6	0	0	0
286	90	0	2.6	0	0	0
286	90	1	1.1	0	0	0
287	0	0	0.42593	0	0	0
287	0	1	0.36111	0	0	0
287	8	0	0.3	0	0	0
287	8	1	0.4	0	0	0
287	13	0	0.9	0	0	0
287	13	1	1	0	0	0
287	21	0	0.8	0	0	0
287	21	1	0.3	0	0	0
287	34	0	2.5	0	0	0
287	34	1	1.1	0	0	0
287	55	0	3.1	0	0	0
287	55	1	2.3	0	0	0
287	90	0	5.1	0	0	0
287	90	1	2.8	0	0	0
288	0	0	1.3981	0	0	1
288	0	1	1.8981	0	0	1
288	8	0	1.3	0	0	1
288	8	1	2.8	0	0	1
288	13	0	2.7	0	0	1
288	13	1	2.3	0	0	1
288	21	0	3	0	0	1
288	21	1	2.4	0	0	1
288	34	0	4.9	0	0	1
288	34	1	2.2	0	0	1
288	55	0	6.3	0	0	1
288	55	1	3.3	0	0	1
288	90	0	7	0	0	1
288	90	1	4.1	0	0	1
289	0	0	5.6574	0	0	0
289	0	1	5.8611	0	0	0
289	8	0	5.2	0	0	0
289	8	1	5.2	0	0	0
289	13	0	4.4	0	0	0
289	13	1	6.1	0	0	0
289	21	0	4.9	0	0	0
289	21	1	6.3	0	0	0
289	34	0	6.8	0	0	0
289	34	1	8	0	0	0
289	55	0	5.7	0	0	0
289	55	1	7.6	0	0	0
289	90	0	8.1	0	0	0
289	90	1	6.7	0	0	0
