4.515788931583976762e+00
3.016004213568395098e+00
2.200302154703667856e+00
2.162967548104306914e+00
7.338999546420287956e+00
4.900889051240944205e+00
3.580103503930229358e+00
3.514670520474689752e+00
1.193380813014602637e+01
7.969972359493755043e+00
5.819316908504521102e+00
5.716966299964587606e+00
1.940704970436706489e+01
1.295175984160933425e+01
9.460713027311433265e+00
9.305057438727903474e+00
3.155277330141296588e+01
2.106250592920236286e+01
1.538537509413042237e+01
1.512344383845231199e+01
5.130549033284302141e+01
3.422198513049840329e+01
2.500795559434733306e+01
2.462031585749154061e+01
8.339624076748046377e+01
5.568010139663076785e+01
4.068819776963088231e+01
4.003054495526338030e+01
1.356055244290710391e+02
9.046678799624501721e+01
6.626622944924412195e+01
6.516499148654385465e+01
2.205931785920043922e+02
1.472266285451659940e+02
1.076465805120113259e+02
1.058006893650426861e+02
3.584058449815674408e+02
2.393755441662189583e+02
1.749930398769233477e+02
1.721955519535753467e+02
2.340526832173457450e+01
8.560020903381914792e+00
3.773603952864839961e+00
1.535206690644487226e+00
2.337524491153494566e+01
8.239683730838766706e+00
3.530761108312653551e+00
1.411135876056837990e+00
2.336109077021087899e+01
7.821917885022831030e+00
3.251755348474574259e+00
1.244197168779021423e+00
2.335976674021334176e+01
7.440319704604960727e+00
2.971486049827683384e+00
1.104624779995500905e+00
2.336196448324899677e+01
7.155301931911086655e+00
2.710463548922179999e+00
1.008540624996638435e+00
2.338981750604553156e+01
7.043009806333923706e+00
2.522924147513580628e+00
9.245605451581002665e-01
2.335424152627563643e+01
6.985912361015417460e+00
2.370379519185906947e+00
8.655504968939782273e-01
2.337781619134521449e+01
6.953422504992294861e+00
2.283950214360427999e+00
8.485695991009714056e-01
2.337760278699951044e+01
6.914867240498352885e+00
2.222803747388077067e+00
8.260314804159165636e-01
2.339137607937011865e+01
6.896435161654280499e+00
2.160248137533951063e+00
7.780101369859694360e-01
9.520396412925107299e-01
1.319337840988633381e+00
2.388848852300357706e+00
3.534722166758227591e+00
1.546846942177462214e+00
2.148782544326314436e+00
3.888115923328377743e+00
5.719678726329484597e+00
2.514747632974799973e+00
3.494786905014334089e+00
6.312184125090953835e+00
9.342815164284036911e+00
4.089079160093993970e+00
5.686381296262604579e+00
1.026708095976464641e+01
1.515215205287961275e+01
6.654464275151959818e+00
9.227357301269966783e+00
1.670888041714202643e+01
2.450402911268614048e+01
1.081555092248656180e+01
1.499192381277582342e+01
2.714813962889657262e+01
3.968558698524393691e+01
1.756640146811200154e+01
2.442658478943293687e+01
4.414333557029318200e+01
6.523189617414243457e+01
2.856473562648079323e+01
3.969210430157693992e+01
7.199120410345112475e+01
1.063056527975172116e+02
4.646924465316337205e+01
6.449802161018219238e+01
1.165999240471208935e+02
1.708954769869766892e+02
7.551792570402250249e+01
1.049068454164853961e+02
1.898480590512326671e+02
2.788068709950012476e+02
2.710942807260400400e+01
2.325269329680904917e+01
1.867772889971888617e+01
1.481431648112038424e+01
2.720979322699991343e+01
2.404338029321394643e+01
1.939119860804375861e+01
1.663799720183548203e+01
2.718249981158927397e+01
2.491651607369855981e+01
2.088613564436185399e+01
1.802672685921609030e+01
2.725922765771766620e+01
2.574634613961440621e+01
2.247449772422126912e+01
1.946350613466237789e+01
2.704343884679930810e+01
2.629943999565984569e+01
2.382408602395950936e+01
2.179343800482307003e+01
2.706117407793999519e+01
2.670685458809976254e+01
2.462182865883442773e+01
2.461818744311551299e+01
2.705746455004366524e+01
2.686695816693348249e+01
2.462068991405923057e+01
3.145510608596378788e+01
2.707203849078656432e+01
2.700331203845529160e+01
2.468564328925035767e+01
4.419321637094842004e+01
2.719413669364184472e+01
2.675331602826285859e+01
2.456601346914322548e+01
6.771824009259118782e+01
2.707150369492698871e+01
2.666677300134757900e+01
2.418070338866322189e+01
1.055074615588345068e+02
6.655987164378584023e-03
9.983447535087054854e-04
-7.857381563295018356e-03
-3.907745590553740600e-02
1.076222182185206447e-02
8.156382978307802605e-04
-1.938891984521200901e-02
-7.070575956013171182e-02
1.755867950697215588e-02
5.706240768383597211e-04
-3.907916376778918649e-02
-1.345412251270254878e-01
2.826223596482952891e-02
2.109825714970659134e-03
-6.727348268482527538e-02
-2.069352797316811876e-01
4.654119810939501278e-02
9.294371128807236634e-03
-9.059920764353013301e-02
-2.736656473938476331e-01
7.595112128437300769e-02
2.476735345826411305e-02
-1.017715218729490501e-01
-3.100614666953918630e-01
1.224976135289072426e-01
5.020141167317745262e-02
-7.674758178944963982e-02
-4.038229193362489200e-01
2.015391535039987025e-01
9.408768259212955953e-02
-6.924799607621796339e-03
-4.513029942523663074e-01
3.229410009863676878e-01
1.624100782123490683e-01
1.237987760821224886e-01
-4.677079262153902572e-01
5.267589244904860024e-01
2.866732769399421565e-01
3.588635275358783572e-01
-4.710488893154090584e-01
3.508204162355826883e-02
2.572557702238440491e-01
8.188896439728926779e+00
5.994179946936323056e+00
9.414590031789177305e-02
7.680352817272962929e-01
1.434434654665717979e+01
8.290062180611728948e+00
2.550668965304699332e-01
2.615018632896435324e+00
2.102012266295089304e+01
1.153739019586687142e+01
7.031278961094007407e-01
1.473242481665287151e+01
2.937738142664336749e+01
1.629316049935373911e+01
1.999194851847624577e+00
5.984083042016143139e+01
4.062356263072089746e+01
2.336258780876818619e+01
6.064526251629590803e+00
9.901165575242312400e+01
5.612309838485107605e+01
3.425215080034160309e+01
2.157375041723194187e+01
1.430978165854004089e+02
7.832469657691211751e+01
5.169625021193552783e+01
1.449730635645935308e+02
1.992044318130370755e+02
1.109276763396369887e+02
8.292817132677555492e+01
4.291463401334227683e+02
2.749290757985046412e+02
1.597986138635291979e+02
1.469276957300575077e+02
6.805810855661621872e+02
3.804536179490874019e+02
2.352086633781097476e+02
3.580683227106895288e+02
1.800284613823232682e+00
3.879461561611043940e+00
8.137202368798064356e+00
1.533093821746898122e+00
2.047816740371287914e+00
6.541577286032455696e+00
6.036031889676285012e+00
1.363203024919080297e+00
2.501336788209242101e+00
1.865223211825464844e+01
4.862125008615493904e+00
1.233280026936722118e+00
3.287260634141869531e+00
3.699580343824214879e+01
4.076310005436325490e+00
1.127090581365203903e+00
4.905793359424019506e+00
2.100419797611846562e+01
3.541206744762706471e+00
1.049842194671440243e+00
8.726633685107374916e+00
1.476936903720092964e+01
3.128361688280867803e+00
1.018375472272109894e+00
2.371075686285419692e+01
1.162781407951660029e+01
2.823830803530883671e+00
1.018721704936790706e+00
9.990357788920898940e+01
9.732236716406248433e+00
2.616317479833984994e+00
1.053447150565910650e+00
5.070105937205810420e+01
8.444211227072143444e+00
2.454118750881958633e+00
1.724228332495498783e+00
3.555173506494141122e+01
7.501628556192016184e+00
2.397688971752166776e+00
9.414343584229149187e+00
1.764658173353586199e-02
1.282640422636487643e-01
3.085054162274742939e+00
2.094377842897605646e+00
4.731475180089495663e-02
3.795734329319824241e-01
4.904454614401786650e+00
3.322764117518727467e+00
1.279949640374786202e-01
1.265484964539951074e+00
6.871813404162378625e+00
5.639949572315806847e+00
3.519058895488923477e-01
6.540456190772371059e+00
9.694307596357427670e+00
1.010302132266132169e+01
9.956216105069785050e-01
2.200705940231857483e+01
1.449910682129849171e+01
1.880055769836336310e+01
2.989675510214611975e+00
3.344168974905831249e+01
2.329277628704166148e+01
3.675905418126355073e+01
1.036707228112176082e+01
4.666332083173600864e+01
4.002170812489327290e+01
7.864286595552684389e+01
6.161786933437326041e+01
6.638585017271098820e+01
7.220557129459974988e+01
1.340651780245480893e+02
1.547291461699204547e+02
1.004790281591243968e+02
1.359068247748203362e+02
1.723739504008849224e+02
2.276383900602823189e+02
1.637219495272179586e+02
2.686376180315244824e+02
4.614503352741815547e+02
5.732664243293615236e+00
7.161789879145849191e+00
1.033542165067832386e+01
7.596934194548210506e+00
5.925391564756224305e+00
8.738532145357657654e+00
1.079621508647074002e+01
8.365188446751353979e+00
6.537118808508811441e+00
1.388178898728438249e+01
1.239226409260225914e+01
9.401481196378794536e+00
6.864936564653113749e+00
2.033731676252810772e+01
1.275376559520779729e+01
1.006118917614735864e+01
8.153716387419461142e+00
1.962364154829390017e+01
1.442243196617223511e+01
1.154861171565726785e+01
1.054233747406201260e+01
2.229312125956399981e+01
1.594813684690037014e+01
1.452593920399072047e+01
1.851742964716598649e+01
2.447935823287512136e+01
1.770260808408322717e+01
2.300179310868083604e+01
4.690158701239224115e+01
2.736646112838643319e+01
2.080492570614701009e+01
6.316049058847180220e+01
4.364976696355481778e+01
3.168363535661302066e+01
2.530298993817006092e+01
1.481995594798020761e+02
5.046130540089954764e+01
3.573630962237212572e+01
3.314927780141475466e+01
5.971653853196108912e+02
5.477432526299917453e-04
5.045440007064101035e-03
7.021523505555771205e-02
2.142042974436254507e-02
1.509569202233388774e-03
1.596775826097159012e-02
7.367995483684888769e-02
2.904887687435748003e-02
4.156462382790619171e-03
5.329771458119342276e-02
7.253463204081087023e-02
4.481761523561164640e-02
1.299815669716910919e-02
2.053456010992975034e-01
8.627254604063319676e-02
6.605427285847188801e-02
3.771945283779747082e-02
3.601655837289065021e-01
1.072040724124790900e-01
9.782793835345576783e-02
1.164477127307960436e-01
2.972088002060779832e-01
1.517583936408110901e-01
1.501108564324377115e-01
3.325545397400036518e-01
2.942903665883289110e-01
2.363714408295352620e-01
8.558698288482634309e-02
9.959538372829170871e-01
3.244913256462142459e-01
3.468176230348942735e-01
-4.815447601303500247e-01
1.243561225697042083e+00
3.856623544571660678e-01
5.377552714714584070e-01
-4.865881306528976324e-01
9.588884553489475104e-01
5.505995440131516983e-01
8.352186251041756604e-01
-4.810049982465636198e-01
4.230316698863793690e+00
4.219954366861057515e+00
2.702554312905097511e+00
2.341220602732456246e+00
1.075892981062545850e+01
6.642574120173835972e+00
4.271036316972767644e+00
4.399308885964465787e+00
1.743711039891891801e+01
9.855158501508809010e+00
6.673430843915581612e+00
7.568219667622935631e+00
2.519417113577766187e+01
1.435910913127712973e+01
1.064084773690798080e+01
1.242229779697564673e+01
3.538345676629352710e+01
2.099476525961041773e+01
1.710365431114947654e+01
2.008558098793160696e+01
4.976653799243335641e+01
3.112086698074045188e+01
2.735145108773727429e+01
3.235394175420336182e+01
7.106752751564961557e+01
4.697079945498600040e+01
4.368254881749803786e+01
5.211354956288685258e+01
1.037475181897655574e+02
7.225973737586984669e+01
7.005975772558251435e+01
8.417949327454624608e+01
1.551994202706985391e+02
1.128197740998550529e+02
1.123908339720107818e+02
1.360994069401216393e+02
2.378331988070785883e+02
1.782659818385705819e+02
1.807049507515526159e+02
2.208172050808107940e+02
3.450466106728611493e+01
1.204058080237960837e+01
5.113140011348021652e+00
2.722622570389414243e+00
2.985870300492150875e+01
1.095733970263645496e+01
4.824974448702568530e+00
2.152661241347205490e+00
2.622809147890024661e+01
9.935091150197886023e+00
4.544072269315373447e+00
1.633142011797952486e+00
2.345038173364086731e+01
9.011958350760458814e+00
4.074305905782103387e+00
1.316742040095889577e+00
2.120976244801416755e+01
8.228742135808802871e+00
3.507212403913688270e+00
1.186351945412874143e+00
1.936720890101670989e+01
7.575994318201876077e+00
2.942114943487500689e+00
1.045460821222543801e+00
1.808558942914371315e+01
6.975760836026954514e+00
2.615891955447758210e+00
1.015391781485748268e+00
1.723963436290111773e+01
6.506885635654546363e+00
2.410305733511925119e+00
9.584457874593733662e-01
1.668128278660469022e+01
6.000615137191199544e+00
2.294961193346023443e+00
8.102831768590926798e-01
1.634913484078674273e+01
5.721360319603729039e+00
2.042204718029785315e+00
7.910118067398070885e-01
1.152079894543295735e+00
1.192502655197484440e+00
1.707445333211472960e+00
3.765999371493613079e+00
3.257811942644154968e+00
2.524082144932272342e+00
4.102024757328856630e+00
5.213532251077992896e+00
5.347029539488767469e+00
4.996862028692190982e+00
9.685889126165040608e+00
8.397365711699396940e+00
8.085027203996524747e+00
9.546450202462478885e+00
1.969502987869843480e+01
1.351673427858587750e+01
1.234753776382699897e+01
1.768225613156666753e+01
2.769926383113983803e+01
2.177989639798430588e+01
1.944485076404327017e+01
3.146467992650069334e+01
4.086009152372729147e+01
3.496084381634941707e+01
3.121953593300969132e+01
5.406628465531051120e+01
6.381412612536325213e+01
5.649284532480474752e+01
5.058013638960670733e+01
9.021933991232376115e+01
1.000687553130621978e+02
9.131247798365690471e+01
8.151878016710772101e+01
1.471165882307880679e+02
1.570971406161186508e+02
1.490821698865524070e+02
1.315663800094461635e+02
2.387075829462552292e+02
2.479412765335452491e+02
2.409425383083660961e+02
7.448338422036576389e+01
5.539936050444088522e+01
3.996267011799126578e+01
2.056213311255282861e+01
7.460885445784980163e+01
5.731179099280082312e+01
4.253998048771774165e+01
1.810288737627124434e+01
7.550490439187412051e+01
5.884644382906817839e+01
4.573531686421156195e+01
1.595350900782952230e+01
7.630594161837314005e+01
6.083828684989595104e+01
5.156836589090644907e+01
1.687570495774596679e+01
7.905484537713947191e+01
6.482343823670166216e+01
5.301401637971771663e+01
2.344138830831407461e+01
8.039020626488090215e+01
6.993321463202941857e+01
5.127451174837337788e+01
3.542057228315660211e+01
8.350349539068383820e+01
7.559409098710028729e+01
5.345393101959150073e+01
5.606528577721606155e+01
8.476488755070801062e+01
8.109103055139902949e+01
6.539493523594866531e+01
8.958604604236850832e+01
8.684318090112554955e+01
8.332952544010578322e+01
9.227182702331367636e+01
1.440883092041741520e+02
8.687537860601365480e+01
8.420674136215561134e+01
1.412051297473511511e+02
2.324655720443499831e+02
1.500534318434142318e-03
7.525506251986423647e-04
1.610622732083976478e-04
-2.239292273709381220e-02
3.636170178374295570e-03
9.540417628542733307e-04
-3.017826919468312614e-03
-4.490474059501874116e-02
5.387443532170161677e-03
2.486047202977780001e-04
-2.691514495292473760e-02
-1.370747069574094201e-01
6.775222344458281358e-03
-4.730318530561786194e-03
-1.014615571738674005e-01
-3.036311416054150447e-01
8.190916510811782972e-03
-1.985584290354542453e-02
-1.426017093661562096e-01
-4.076783919041201965e-01
1.049028446938228554e-02
-5.198867657545411941e-02
-2.040999505237756084e-01
-4.637062559686436214e-01
1.391831864197817792e-02
-9.907173994612610002e-02
-2.841825757502133842e-01
-4.770694347987018968e-01
2.027685124734915356e-02
-1.352532357205105951e-01
-3.704483358533551263e-01
-4.845748862568376447e-01
3.182140990660151103e-02
-1.471920097092833113e-01
-4.133701875016500549e-01
-4.994421338667860977e-01
6.512429443763684267e-02
-9.786793901895519954e-02
-4.514747298664973374e-01
-5.004701054351248235e-01
4.169714526760291307e+00
4.223427449752140461e+00
2.697030289702701644e+00
2.276851926155996075e+00
1.062254095811920074e+01
6.653080935988713307e+00
4.259711616375100540e+00
4.053201219110023956e+00
1.733202143132552564e+01
9.871058325138090339e+00
6.621482637673686611e+00
6.669208669847214388e+00
2.514423853228530348e+01
1.439021190093145641e+01
1.036870938713784440e+01
1.049556993605933286e+01
3.552355648842888058e+01
2.104978934604082141e+01
1.627197227184916528e+01
1.620871953671992571e+01
5.039555617851428337e+01
3.117100877375617074e+01
2.535966677738628405e+01
2.492358790627587339e+01
7.301620597355899633e+01
4.705474333913230822e+01
3.945379489206027301e+01
3.836908126437592159e+01
1.094869227590698273e+02
7.259925225644151681e+01
6.171028696149281956e+01
5.936783022679806265e+01
1.720324539982513556e+02
1.155178019350797456e+02
9.703407883520203825e+01
9.258201440273712990e+01
2.752628777260345601e+02
1.954262322080230376e+02
1.563673938112312101e+02
1.462062598759559648e+02
3.097737903714572738e+01
1.053446267188228447e+01
4.420467948409515735e+00
2.039216051137265673e+00
2.660497765188693720e+01
9.464061812070655222e+00
4.050987785190259594e+00
1.595768228703969616e+00
2.310301842014446194e+01
8.516900081324530802e+00
3.665925004155504485e+00
1.251965450536644431e+00
2.050920514676670692e+01
7.607794475359249908e+00
3.210719318675756995e+00
1.007577758727776995e+00
1.859267149885949877e+01
6.844900208218527737e+00
2.714959231858432354e+00
8.606661821643470933e-01
1.726791479337224899e+01
6.264749710235451907e+00
2.352851153936100115e+00
7.912328628245711704e-01
1.656323029448089912e+01
5.845242395959758142e+00
2.144337518673616660e+00
7.420790053611995285e-01
1.666741699275836552e+01
5.612302022602937868e+00
2.001626782995224119e+00
7.064652894495963009e-01
1.736846158039817922e+01
5.639022348192025191e+00
1.920525055218696764e+00
6.817189191648482804e-01
1.332766718961486774e+01
6.696315452736282481e+00
1.974374697322845318e+00
7.088323555250167773e-01
1.132200073166428345e+00
1.183647450737250528e+00
1.691781343094143297e+00
4.000777269256119872e+00
3.198177625830835424e+00
2.482494742183633196e+00
3.997635379361125896e+00
5.339367263925246299e+00
5.204911760577284774e+00
4.833817906849677826e+00
8.889905843597926349e+00
8.056460911062480079e+00
7.647020608592846713e+00
8.974841168541603409e+00
1.759496645343138965e+01
1.244313932532651279e+01
1.118126250101188113e+01
1.588119217023847618e+01
2.889385846548345782e+01
1.974571894617984213e+01
1.639870617079008852e+01
2.635630131561289957e+01
4.308832963625513202e+01
3.154580360446053433e+01
2.375528739057021710e+01
4.096842194230217160e+01
6.318283727071477784e+01
5.155202083775417776e+01
3.252294511685872891e+01
5.962981090101958159e+01
8.881362979061285046e+01
8.181975298053539802e+01
3.843525354626205370e+01
8.140242809879458719e+01
1.160931266718153410e+02
1.216898465594418610e+02
3.418788293389413013e+01
9.925671475326727489e+01
1.424549474547148407e+02
1.654997420263933634e+02
4.383123851006052263e+01
3.434466894034799367e+01
2.542233299870353846e+01
1.611926857551926417e+01
4.382450940987178001e+01
3.498318657468977477e+01
2.686157120049323055e+01
1.460712948146357348e+01
4.387985807545633321e+01
3.637473838070376786e+01
2.921925567734088247e+01
1.374397643224454946e+01
4.394101322305537849e+01
3.778879279175802708e+01
3.363450883095007526e+01
1.346629516306220253e+01
4.391560022146622089e+01
3.956298778596371335e+01
3.950025375338165645e+01
1.529231216505695023e+01
4.282563791791949370e+01
4.084961686880139808e+01
4.300873181095428777e+01
1.895107204313266536e+01
4.041827277360777515e+01
4.062590450951221044e+01
4.382700682155358152e+01
2.391759606125396331e+01
3.533944223710829391e+01
3.794273988402375153e+01
4.148791703213399984e+01
2.749713265314127142e+01
2.571638565991763414e+01
3.298735804397710325e+01
3.171743329030906366e+01
2.802566523640570750e+01
1.221481558630729758e+01
2.510283944569963310e+01
2.206560595945461500e+01
2.516542022321701921e+01
4.004032609527263115e-03
1.839000144208689834e-03
3.532152218529063109e-04
-4.249554261797660465e-02
9.441250253776246534e-03
2.457552938532729398e-03
-7.401706942815309415e-03
-6.210699190642108430e-02
1.301948770844120126e-02
6.604088726954650702e-04
-4.804921660486482365e-02
-1.223485006500980160e-01
1.611575525231581998e-02
-8.729753406841730262e-03
-1.573130762674813388e-01
-2.183510585826665684e-01
1.907123099416281609e-02
-3.231584953720832709e-02
-2.639448898510662889e-01
-3.049539620361739756e-01
2.278621914672942020e-02
-7.031492423864378616e-02
-3.147615436342257045e-01
-3.578702625327568887e-01
2.581323936059605126e-02
-1.064836636097203776e-01
-3.528437169101207860e-01
-3.827154001525828186e-01
2.177778181869267221e-02
-1.327190376017760853e-01
-3.673137892669348648e-01
-4.261737209155554984e-01
-4.691195071195070065e-02
-1.607535340537630808e-01
-3.516541999896824477e-01
-4.414108325546624023e-01
-4.073986447538550937e-02
-3.125979108939503370e-01
-3.035118099211701059e-01
-4.181494218333784985e-01
