	J	r_X	sigma_Lambda_over_Lambda	Tmax_over_tau_E	sigma_t	tau_rp	g_E	g_I	beta	K	ell	CV_K	idx_species	idx_combined
0	0.00013250987470912073	7.223654787813233	0.7852976206468583	200.0	0.01	0.002	9.972540734940784	8.399857837811428	0.33377119484906065	500.0	4.140694372426178	0.0199846588484741	0.0	0.0
1	0.00013250987470912073	7.798924177765641	0.7852976206468583	200.0	0.01	0.002	9.972540734940784	8.399857837811428	0.33377119484906065	500.0	4.140694372426178	0.0199846588484741	0.0	0.0
2	0.00013250987470912073	8.200380847048462	0.7852976206468583	200.0	0.01	0.002	9.972540734940784	8.399857837811428	0.33377119484906065	500.0	4.140694372426178	0.0199846588484741	0.0	0.0
3	0.00013250987470912073	8.69466188434954	0.7852976206468583	200.0	0.01	0.002	9.972540734940784	8.399857837811428	0.33377119484906065	500.0	4.140694372426178	0.0199846588484741	0.0	0.0
4	0.00013250987470912073	8.96791915194019	0.7852976206468583	200.0	0.01	0.002	9.972540734940784	8.399857837811428	0.33377119484906065	500.0	4.140694372426178	0.0199846588484741	0.0	0.0
5	0.00013250987470912073	10.448903278206183	0.7852976206468583	200.0	0.01	0.002	9.972540734940784	8.399857837811428	0.33377119484906065	500.0	4.140694372426178	0.0199846588484741	0.0	0.0
6	0.00013250987470912073	13.647212517198964	0.7852976206468583	200.0	0.01	0.002	9.972540734940784	8.399857837811428	0.33377119484906065	500.0	4.140694372426178	0.0199846588484741	0.0	0.0
7	0.00044325198775167123	14.40723419230236	6.561565376532942	200.0	0.01	0.002	4.58230438517752	2.728729673586847	0.8067002563887169	500.0	2.5073713179796586	0.007286809919624974	1.0	0.0
8	0.00044325198775167123	30.297973174770597	6.561565376532942	200.0	0.01	0.002	4.58230438517752	2.728729673586847	0.8067002563887169	500.0	2.5073713179796586	0.007286809919624974	1.0	0.0
9	0.00044325198775167123	37.00783616898212	6.561565376532942	200.0	0.01	0.002	4.58230438517752	2.728729673586847	0.8067002563887169	500.0	2.5073713179796586	0.007286809919624974	1.0	0.0
10	0.00044325198775167123	42.51592179615114	6.561565376532942	200.0	0.01	0.002	4.58230438517752	2.728729673586847	0.8067002563887169	500.0	2.5073713179796586	0.007286809919624974	1.0	0.0
11	0.00044325198775167123	44.83909105483611	6.561565376532942	200.0	0.01	0.002	4.58230438517752	2.728729673586847	0.8067002563887169	500.0	2.5073713179796586	0.007286809919624974	1.0	0.0
12	0.00044325198775167123	48.24001298218932	6.561565376532942	200.0	0.01	0.002	4.58230438517752	2.728729673586847	0.8067002563887169	500.0	2.5073713179796586	0.007286809919624974	1.0	0.0
13	0.00014397624075211917	13.473414232329256	1.7167434820209588	200.0	0.01	0.002	4.201485230426759	3.2440402983513326	0.17874068447779198	500.0	1.9003570443737805	0.015187274194870528	0.0	1.0
14	0.00014397624075211917	14.265863567904153	1.7167434820209588	200.0	0.01	0.002	4.201485230426759	3.2440402983513326	0.17874068447779198	500.0	1.9003570443737805	0.015187274194870528	0.0	1.0
15	0.00014397624075211917	14.561751812809668	1.7167434820209588	200.0	0.01	0.002	4.201485230426759	3.2440402983513326	0.17874068447779198	500.0	1.9003570443737805	0.015187274194870528	0.0	1.0
16	0.00014397624075211917	14.99574844845746	1.7167434820209588	200.0	0.01	0.002	4.201485230426759	3.2440402983513326	0.17874068447779198	500.0	1.9003570443737805	0.015187274194870528	0.0	1.0
17	0.00014397624075211917	15.213529819035267	1.7167434820209588	200.0	0.01	0.002	4.201485230426759	3.2440402983513326	0.17874068447779198	500.0	1.9003570443737805	0.015187274194870528	0.0	1.0
18	0.00014397624075211917	17.246075018100672	1.7167434820209588	200.0	0.01	0.002	4.201485230426759	3.2440402983513326	0.17874068447779198	500.0	1.9003570443737805	0.015187274194870528	0.0	1.0
19	0.00014397624075211917	23.182574542522925	1.7167434820209588	200.0	0.01	0.002	4.201485230426759	3.2440402983513326	0.17874068447779198	500.0	1.9003570443737805	0.015187274194870528	0.0	1.0
20	0.00014397624075211917	30.549662717263622	1.7167434820209588	200.0	0.01	0.002	4.201485230426759	3.2440402983513326	0.17874068447779198	500.0	5.442265219172208	0.015187274194870528	1.0	1.0
21	0.00014397624075211917	50.380023770150565	1.7167434820209588	200.0	0.01	0.002	4.201485230426759	3.2440402983513326	0.17874068447779198	500.0	5.442265219172208	0.015187274194870528	1.0	1.0
22	0.00014397624075211917	60.59853781329996	1.7167434820209588	200.0	0.01	0.002	4.201485230426759	3.2440402983513326	0.17874068447779198	500.0	5.442265219172208	0.015187274194870528	1.0	1.0
23	0.00014397624075211917	71.93143575210684	1.7167434820209588	200.0	0.01	0.002	4.201485230426759	3.2440402983513326	0.17874068447779198	500.0	5.442265219172208	0.015187274194870528	1.0	1.0
24	0.00014397624075211917	74.36673026042722	1.7167434820209588	200.0	0.01	0.002	4.201485230426759	3.2440402983513326	0.17874068447779198	500.0	5.442265219172208	0.015187274194870528	1.0	1.0
25	0.00014397624075211917	77.5102893862237	1.7167434820209588	200.0	0.01	0.002	4.201485230426759	3.2440402983513326	0.17874068447779198	500.0	5.442265219172208	0.015187274194870528	1.0	1.0
26	0.00013250987470912073	7.223654787813233	0.7852976206468583	200.0	0.01	0.002	9.972540734940784	8.399857837811428	0.33377119484906065	500.0	4.140694372426178	0.0199846588484741	0.0	0.0
27	0.00013250987470912073	7.798924177765641	0.7852976206468583	200.0	0.01	0.002	9.972540734940784	8.399857837811428	0.33377119484906065	500.0	4.140694372426178	0.0199846588484741	0.0	0.0
28	0.00013250987470912073	8.200380847048462	0.7852976206468583	200.0	0.01	0.002	9.972540734940784	8.399857837811428	0.33377119484906065	500.0	4.140694372426178	0.0199846588484741	0.0	0.0
29	0.00013250987470912073	8.69466188434954	0.7852976206468583	200.0	0.01	0.002	9.972540734940784	8.399857837811428	0.33377119484906065	500.0	4.140694372426178	0.0199846588484741	0.0	0.0
30	0.00013250987470912073	8.96791915194019	0.7852976206468583	200.0	0.01	0.002	9.972540734940784	8.399857837811428	0.33377119484906065	500.0	4.140694372426178	0.0199846588484741	0.0	0.0
31	0.00013250987470912073	10.448903278206183	0.7852976206468583	200.0	0.01	0.002	9.972540734940784	8.399857837811428	0.33377119484906065	500.0	4.140694372426178	0.0199846588484741	0.0	0.0
32	0.00013250987470912073	13.647212517198964	0.7852976206468583	200.0	0.01	0.002	9.972540734940784	8.399857837811428	0.33377119484906065	500.0	4.140694372426178	0.0199846588484741	0.0	0.0
33	0.00044325198775167123	14.40723419230236	6.561565376532942	200.0	0.01	0.002	4.58230438517752	2.728729673586847	0.8067002563887169	500.0	2.5073713179796586	0.007286809919624974	1.0	0.0
34	0.00044325198775167123	30.297973174770597	6.561565376532942	200.0	0.01	0.002	4.58230438517752	2.728729673586847	0.8067002563887169	500.0	2.5073713179796586	0.007286809919624974	1.0	0.0
35	0.00044325198775167123	37.00783616898212	6.561565376532942	200.0	0.01	0.002	4.58230438517752	2.728729673586847	0.8067002563887169	500.0	2.5073713179796586	0.007286809919624974	1.0	0.0
36	0.00044325198775167123	42.51592179615114	6.561565376532942	200.0	0.01	0.002	4.58230438517752	2.728729673586847	0.8067002563887169	500.0	2.5073713179796586	0.007286809919624974	1.0	0.0
37	0.00044325198775167123	44.83909105483611	6.561565376532942	200.0	0.01	0.002	4.58230438517752	2.728729673586847	0.8067002563887169	500.0	2.5073713179796586	0.007286809919624974	1.0	0.0
38	0.00044325198775167123	48.24001298218932	6.561565376532942	200.0	0.01	0.002	4.58230438517752	2.728729673586847	0.8067002563887169	500.0	2.5073713179796586	0.007286809919624974	1.0	0.0
39	0.00014397624075211917	13.473414232329256	1.7167434820209588	200.0	0.01	0.002	4.201485230426759	3.2440402983513326	0.17874068447779198	500.0	1.9003570443737805	0.015187274194870528	0.0	1.0
40	0.00014397624075211917	14.265863567904153	1.7167434820209588	200.0	0.01	0.002	4.201485230426759	3.2440402983513326	0.17874068447779198	500.0	1.9003570443737805	0.015187274194870528	0.0	1.0
41	0.00014397624075211917	14.561751812809668	1.7167434820209588	200.0	0.01	0.002	4.201485230426759	3.2440402983513326	0.17874068447779198	500.0	1.9003570443737805	0.015187274194870528	0.0	1.0
42	0.00014397624075211917	14.99574844845746	1.7167434820209588	200.0	0.01	0.002	4.201485230426759	3.2440402983513326	0.17874068447779198	500.0	1.9003570443737805	0.015187274194870528	0.0	1.0
43	0.00014397624075211917	15.213529819035267	1.7167434820209588	200.0	0.01	0.002	4.201485230426759	3.2440402983513326	0.17874068447779198	500.0	1.9003570443737805	0.015187274194870528	0.0	1.0
44	0.00014397624075211917	17.246075018100672	1.7167434820209588	200.0	0.01	0.002	4.201485230426759	3.2440402983513326	0.17874068447779198	500.0	1.9003570443737805	0.015187274194870528	0.0	1.0
45	0.00014397624075211917	23.182574542522925	1.7167434820209588	200.0	0.01	0.002	4.201485230426759	3.2440402983513326	0.17874068447779198	500.0	1.9003570443737805	0.015187274194870528	0.0	1.0
46	0.00014397624075211917	30.549662717263622	1.7167434820209588	200.0	0.01	0.002	4.201485230426759	3.2440402983513326	0.17874068447779198	500.0	5.442265219172208	0.015187274194870528	1.0	1.0
47	0.00014397624075211917	50.380023770150565	1.7167434820209588	200.0	0.01	0.002	4.201485230426759	3.2440402983513326	0.17874068447779198	500.0	5.442265219172208	0.015187274194870528	1.0	1.0
48	0.00014397624075211917	60.59853781329996	1.7167434820209588	200.0	0.01	0.002	4.201485230426759	3.2440402983513326	0.17874068447779198	500.0	5.442265219172208	0.015187274194870528	1.0	1.0
49	0.00014397624075211917	71.93143575210684	1.7167434820209588	200.0	0.01	0.002	4.201485230426759	3.2440402983513326	0.17874068447779198	500.0	5.442265219172208	0.015187274194870528	1.0	1.0
50	0.00014397624075211917	74.36673026042722	1.7167434820209588	200.0	0.01	0.002	4.201485230426759	3.2440402983513326	0.17874068447779198	500.0	5.442265219172208	0.015187274194870528	1.0	1.0
51	0.00014397624075211917	77.5102893862237	1.7167434820209588	200.0	0.01	0.002	4.201485230426759	3.2440402983513326	0.17874068447779198	500.0	5.442265219172208	0.015187274194870528	1.0	1.0
52	0.00013250987470912073	7.223654787813233	0.7852976206468583	200.0	0.01	0.002	9.972540734940784	8.399857837811428	0.33377119484906065	500.0	4.140694372426178	0.0199846588484741	0.0	0.0
53	0.00013250987470912073	7.798924177765641	0.7852976206468583	200.0	0.01	0.002	9.972540734940784	8.399857837811428	0.33377119484906065	500.0	4.140694372426178	0.0199846588484741	0.0	0.0
54	0.00013250987470912073	8.200380847048462	0.7852976206468583	200.0	0.01	0.002	9.972540734940784	8.399857837811428	0.33377119484906065	500.0	4.140694372426178	0.0199846588484741	0.0	0.0
55	0.00013250987470912073	8.69466188434954	0.7852976206468583	200.0	0.01	0.002	9.972540734940784	8.399857837811428	0.33377119484906065	500.0	4.140694372426178	0.0199846588484741	0.0	0.0
56	0.00013250987470912073	8.96791915194019	0.7852976206468583	200.0	0.01	0.002	9.972540734940784	8.399857837811428	0.33377119484906065	500.0	4.140694372426178	0.0199846588484741	0.0	0.0
57	0.00013250987470912073	10.448903278206183	0.7852976206468583	200.0	0.01	0.002	9.972540734940784	8.399857837811428	0.33377119484906065	500.0	4.140694372426178	0.0199846588484741	0.0	0.0
58	0.00013250987470912073	13.647212517198964	0.7852976206468583	200.0	0.01	0.002	9.972540734940784	8.399857837811428	0.33377119484906065	500.0	4.140694372426178	0.0199846588484741	0.0	0.0
59	0.00044325198775167123	14.40723419230236	6.561565376532942	200.0	0.01	0.002	4.58230438517752	2.728729673586847	0.8067002563887169	500.0	2.5073713179796586	0.007286809919624974	1.0	0.0
60	0.00044325198775167123	30.297973174770597	6.561565376532942	200.0	0.01	0.002	4.58230438517752	2.728729673586847	0.8067002563887169	500.0	2.5073713179796586	0.007286809919624974	1.0	0.0
61	0.00044325198775167123	37.00783616898212	6.561565376532942	200.0	0.01	0.002	4.58230438517752	2.728729673586847	0.8067002563887169	500.0	2.5073713179796586	0.007286809919624974	1.0	0.0
62	0.00044325198775167123	42.51592179615114	6.561565376532942	200.0	0.01	0.002	4.58230438517752	2.728729673586847	0.8067002563887169	500.0	2.5073713179796586	0.007286809919624974	1.0	0.0
63	0.00044325198775167123	44.83909105483611	6.561565376532942	200.0	0.01	0.002	4.58230438517752	2.728729673586847	0.8067002563887169	500.0	2.5073713179796586	0.007286809919624974	1.0	0.0
64	0.00044325198775167123	48.24001298218932	6.561565376532942	200.0	0.01	0.002	4.58230438517752	2.728729673586847	0.8067002563887169	500.0	2.5073713179796586	0.007286809919624974	1.0	0.0
65	0.00014397624075211917	13.473414232329256	1.7167434820209588	200.0	0.01	0.002	4.201485230426759	3.2440402983513326	0.17874068447779198	500.0	1.9003570443737805	0.015187274194870528	0.0	1.0
66	0.00014397624075211917	14.265863567904153	1.7167434820209588	200.0	0.01	0.002	4.201485230426759	3.2440402983513326	0.17874068447779198	500.0	1.9003570443737805	0.015187274194870528	0.0	1.0
67	0.00014397624075211917	14.561751812809668	1.7167434820209588	200.0	0.01	0.002	4.201485230426759	3.2440402983513326	0.17874068447779198	500.0	1.9003570443737805	0.015187274194870528	0.0	1.0
68	0.00014397624075211917	14.99574844845746	1.7167434820209588	200.0	0.01	0.002	4.201485230426759	3.2440402983513326	0.17874068447779198	500.0	1.9003570443737805	0.015187274194870528	0.0	1.0
69	0.00014397624075211917	15.213529819035267	1.7167434820209588	200.0	0.01	0.002	4.201485230426759	3.2440402983513326	0.17874068447779198	500.0	1.9003570443737805	0.015187274194870528	0.0	1.0
70	0.00014397624075211917	17.246075018100672	1.7167434820209588	200.0	0.01	0.002	4.201485230426759	3.2440402983513326	0.17874068447779198	500.0	1.9003570443737805	0.015187274194870528	0.0	1.0
71	0.00014397624075211917	23.182574542522925	1.7167434820209588	200.0	0.01	0.002	4.201485230426759	3.2440402983513326	0.17874068447779198	500.0	1.9003570443737805	0.015187274194870528	0.0	1.0
72	0.00014397624075211917	30.549662717263622	1.7167434820209588	200.0	0.01	0.002	4.201485230426759	3.2440402983513326	0.17874068447779198	500.0	5.442265219172208	0.015187274194870528	1.0	1.0
73	0.00014397624075211917	50.380023770150565	1.7167434820209588	200.0	0.01	0.002	4.201485230426759	3.2440402983513326	0.17874068447779198	500.0	5.442265219172208	0.015187274194870528	1.0	1.0
74	0.00014397624075211917	60.59853781329996	1.7167434820209588	200.0	0.01	0.002	4.201485230426759	3.2440402983513326	0.17874068447779198	500.0	5.442265219172208	0.015187274194870528	1.0	1.0
75	0.00014397624075211917	71.93143575210684	1.7167434820209588	200.0	0.01	0.002	4.201485230426759	3.2440402983513326	0.17874068447779198	500.0	5.442265219172208	0.015187274194870528	1.0	1.0
76	0.00014397624075211917	74.36673026042722	1.7167434820209588	200.0	0.01	0.002	4.201485230426759	3.2440402983513326	0.17874068447779198	500.0	5.442265219172208	0.015187274194870528	1.0	1.0
77	0.00014397624075211917	77.5102893862237	1.7167434820209588	200.0	0.01	0.002	4.201485230426759	3.2440402983513326	0.17874068447779198	500.0	5.442265219172208	0.015187274194870528	1.0	1.0
78	0.00013250987470912073	7.223654787813233	0.7852976206468583	200.0	0.01	0.002	9.972540734940784	8.399857837811428	0.33377119484906065	500.0	4.140694372426178	0.0199846588484741	0.0	0.0
79	0.00013250987470912073	7.798924177765641	0.7852976206468583	200.0	0.01	0.002	9.972540734940784	8.399857837811428	0.33377119484906065	500.0	4.140694372426178	0.0199846588484741	0.0	0.0
80	0.00013250987470912073	8.200380847048462	0.7852976206468583	200.0	0.01	0.002	9.972540734940784	8.399857837811428	0.33377119484906065	500.0	4.140694372426178	0.0199846588484741	0.0	0.0
81	0.00013250987470912073	8.69466188434954	0.7852976206468583	200.0	0.01	0.002	9.972540734940784	8.399857837811428	0.33377119484906065	500.0	4.140694372426178	0.0199846588484741	0.0	0.0
82	0.00013250987470912073	8.96791915194019	0.7852976206468583	200.0	0.01	0.002	9.972540734940784	8.399857837811428	0.33377119484906065	500.0	4.140694372426178	0.0199846588484741	0.0	0.0
83	0.00013250987470912073	10.448903278206183	0.7852976206468583	200.0	0.01	0.002	9.972540734940784	8.399857837811428	0.33377119484906065	500.0	4.140694372426178	0.0199846588484741	0.0	0.0
84	0.00013250987470912073	13.647212517198964	0.7852976206468583	200.0	0.01	0.002	9.972540734940784	8.399857837811428	0.33377119484906065	500.0	4.140694372426178	0.0199846588484741	0.0	0.0
85	0.00044325198775167123	14.40723419230236	6.561565376532942	200.0	0.01	0.002	4.58230438517752	2.728729673586847	0.8067002563887169	500.0	2.5073713179796586	0.007286809919624974	1.0	0.0
86	0.00044325198775167123	30.297973174770597	6.561565376532942	200.0	0.01	0.002	4.58230438517752	2.728729673586847	0.8067002563887169	500.0	2.5073713179796586	0.007286809919624974	1.0	0.0
87	0.00044325198775167123	37.00783616898212	6.561565376532942	200.0	0.01	0.002	4.58230438517752	2.728729673586847	0.8067002563887169	500.0	2.5073713179796586	0.007286809919624974	1.0	0.0
88	0.00044325198775167123	42.51592179615114	6.561565376532942	200.0	0.01	0.002	4.58230438517752	2.728729673586847	0.8067002563887169	500.0	2.5073713179796586	0.007286809919624974	1.0	0.0
89	0.00044325198775167123	44.83909105483611	6.561565376532942	200.0	0.01	0.002	4.58230438517752	2.728729673586847	0.8067002563887169	500.0	2.5073713179796586	0.007286809919624974	1.0	0.0
90	0.00044325198775167123	48.24001298218932	6.561565376532942	200.0	0.01	0.002	4.58230438517752	2.728729673586847	0.8067002563887169	500.0	2.5073713179796586	0.007286809919624974	1.0	0.0
91	0.00014397624075211917	13.473414232329256	1.7167434820209588	200.0	0.01	0.002	4.201485230426759	3.2440402983513326	0.17874068447779198	500.0	1.9003570443737805	0.015187274194870528	0.0	1.0
92	0.00014397624075211917	14.265863567904153	1.7167434820209588	200.0	0.01	0.002	4.201485230426759	3.2440402983513326	0.17874068447779198	500.0	1.9003570443737805	0.015187274194870528	0.0	1.0
93	0.00014397624075211917	14.561751812809668	1.7167434820209588	200.0	0.01	0.002	4.201485230426759	3.2440402983513326	0.17874068447779198	500.0	1.9003570443737805	0.015187274194870528	0.0	1.0
94	0.00014397624075211917	14.99574844845746	1.7167434820209588	200.0	0.01	0.002	4.201485230426759	3.2440402983513326	0.17874068447779198	500.0	1.9003570443737805	0.015187274194870528	0.0	1.0
95	0.00014397624075211917	15.213529819035267	1.7167434820209588	200.0	0.01	0.002	4.201485230426759	3.2440402983513326	0.17874068447779198	500.0	1.9003570443737805	0.015187274194870528	0.0	1.0
96	0.00014397624075211917	17.246075018100672	1.7167434820209588	200.0	0.01	0.002	4.201485230426759	3.2440402983513326	0.17874068447779198	500.0	1.9003570443737805	0.015187274194870528	0.0	1.0
97	0.00014397624075211917	23.182574542522925	1.7167434820209588	200.0	0.01	0.002	4.201485230426759	3.2440402983513326	0.17874068447779198	500.0	1.9003570443737805	0.015187274194870528	0.0	1.0
98	0.00014397624075211917	30.549662717263622	1.7167434820209588	200.0	0.01	0.002	4.201485230426759	3.2440402983513326	0.17874068447779198	500.0	5.442265219172208	0.015187274194870528	1.0	1.0
99	0.00014397624075211917	50.380023770150565	1.7167434820209588	200.0	0.01	0.002	4.201485230426759	3.2440402983513326	0.17874068447779198	500.0	5.442265219172208	0.015187274194870528	1.0	1.0
100	0.00014397624075211917	60.59853781329996	1.7167434820209588	200.0	0.01	0.002	4.201485230426759	3.2440402983513326	0.17874068447779198	500.0	5.442265219172208	0.015187274194870528	1.0	1.0
101	0.00014397624075211917	71.93143575210684	1.7167434820209588	200.0	0.01	0.002	4.201485230426759	3.2440402983513326	0.17874068447779198	500.0	5.442265219172208	0.015187274194870528	1.0	1.0
102	0.00014397624075211917	74.36673026042722	1.7167434820209588	200.0	0.01	0.002	4.201485230426759	3.2440402983513326	0.17874068447779198	500.0	5.442265219172208	0.015187274194870528	1.0	1.0
103	0.00014397624075211917	77.5102893862237	1.7167434820209588	200.0	0.01	0.002	4.201485230426759	3.2440402983513326	0.17874068447779198	500.0	5.442265219172208	0.015187274194870528	1.0	1.0
104	0.00013250987470912073	7.223654787813233	0.7852976206468583	200.0	0.01	0.002	9.972540734940784	8.399857837811428	0.33377119484906065	500.0	4.140694372426178	0.0199846588484741	0.0	0.0
105	0.00013250987470912073	7.798924177765641	0.7852976206468583	200.0	0.01	0.002	9.972540734940784	8.399857837811428	0.33377119484906065	500.0	4.140694372426178	0.0199846588484741	0.0	0.0
106	0.00013250987470912073	8.200380847048462	0.7852976206468583	200.0	0.01	0.002	9.972540734940784	8.399857837811428	0.33377119484906065	500.0	4.140694372426178	0.0199846588484741	0.0	0.0
107	0.00013250987470912073	8.69466188434954	0.7852976206468583	200.0	0.01	0.002	9.972540734940784	8.399857837811428	0.33377119484906065	500.0	4.140694372426178	0.0199846588484741	0.0	0.0
108	0.00013250987470912073	8.96791915194019	0.7852976206468583	200.0	0.01	0.002	9.972540734940784	8.399857837811428	0.33377119484906065	500.0	4.140694372426178	0.0199846588484741	0.0	0.0
109	0.00013250987470912073	10.448903278206183	0.7852976206468583	200.0	0.01	0.002	9.972540734940784	8.399857837811428	0.33377119484906065	500.0	4.140694372426178	0.0199846588484741	0.0	0.0
110	0.00013250987470912073	13.647212517198964	0.7852976206468583	200.0	0.01	0.002	9.972540734940784	8.399857837811428	0.33377119484906065	500.0	4.140694372426178	0.0199846588484741	0.0	0.0
111	0.00044325198775167123	14.40723419230236	6.561565376532942	200.0	0.01	0.002	4.58230438517752	2.728729673586847	0.8067002563887169	500.0	2.5073713179796586	0.007286809919624974	1.0	0.0
112	0.00044325198775167123	30.297973174770597	6.561565376532942	200.0	0.01	0.002	4.58230438517752	2.728729673586847	0.8067002563887169	500.0	2.5073713179796586	0.007286809919624974	1.0	0.0
113	0.00044325198775167123	37.00783616898212	6.561565376532942	200.0	0.01	0.002	4.58230438517752	2.728729673586847	0.8067002563887169	500.0	2.5073713179796586	0.007286809919624974	1.0	0.0
114	0.00044325198775167123	42.51592179615114	6.561565376532942	200.0	0.01	0.002	4.58230438517752	2.728729673586847	0.8067002563887169	500.0	2.5073713179796586	0.007286809919624974	1.0	0.0
115	0.00044325198775167123	44.83909105483611	6.561565376532942	200.0	0.01	0.002	4.58230438517752	2.728729673586847	0.8067002563887169	500.0	2.5073713179796586	0.007286809919624974	1.0	0.0
116	0.00044325198775167123	48.24001298218932	6.561565376532942	200.0	0.01	0.002	4.58230438517752	2.728729673586847	0.8067002563887169	500.0	2.5073713179796586	0.007286809919624974	1.0	0.0
117	0.00014397624075211917	13.473414232329256	1.7167434820209588	200.0	0.01	0.002	4.201485230426759	3.2440402983513326	0.17874068447779198	500.0	1.9003570443737805	0.015187274194870528	0.0	1.0
118	0.00014397624075211917	14.265863567904153	1.7167434820209588	200.0	0.01	0.002	4.201485230426759	3.2440402983513326	0.17874068447779198	500.0	1.9003570443737805	0.015187274194870528	0.0	1.0
119	0.00014397624075211917	14.561751812809668	1.7167434820209588	200.0	0.01	0.002	4.201485230426759	3.2440402983513326	0.17874068447779198	500.0	1.9003570443737805	0.015187274194870528	0.0	1.0
120	0.00014397624075211917	14.99574844845746	1.7167434820209588	200.0	0.01	0.002	4.201485230426759	3.2440402983513326	0.17874068447779198	500.0	1.9003570443737805	0.015187274194870528	0.0	1.0
121	0.00014397624075211917	15.213529819035267	1.7167434820209588	200.0	0.01	0.002	4.201485230426759	3.2440402983513326	0.17874068447779198	500.0	1.9003570443737805	0.015187274194870528	0.0	1.0
122	0.00014397624075211917	17.246075018100672	1.7167434820209588	200.0	0.01	0.002	4.201485230426759	3.2440402983513326	0.17874068447779198	500.0	1.9003570443737805	0.015187274194870528	0.0	1.0
123	0.00014397624075211917	23.182574542522925	1.7167434820209588	200.0	0.01	0.002	4.201485230426759	3.2440402983513326	0.17874068447779198	500.0	1.9003570443737805	0.015187274194870528	0.0	1.0
124	0.00014397624075211917	30.549662717263622	1.7167434820209588	200.0	0.01	0.002	4.201485230426759	3.2440402983513326	0.17874068447779198	500.0	5.442265219172208	0.015187274194870528	1.0	1.0
125	0.00014397624075211917	50.380023770150565	1.7167434820209588	200.0	0.01	0.002	4.201485230426759	3.2440402983513326	0.17874068447779198	500.0	5.442265219172208	0.015187274194870528	1.0	1.0
126	0.00014397624075211917	60.59853781329996	1.7167434820209588	200.0	0.01	0.002	4.201485230426759	3.2440402983513326	0.17874068447779198	500.0	5.442265219172208	0.015187274194870528	1.0	1.0
127	0.00014397624075211917	71.93143575210684	1.7167434820209588	200.0	0.01	0.002	4.201485230426759	3.2440402983513326	0.17874068447779198	500.0	5.442265219172208	0.015187274194870528	1.0	1.0
128	0.00014397624075211917	74.36673026042722	1.7167434820209588	200.0	0.01	0.002	4.201485230426759	3.2440402983513326	0.17874068447779198	500.0	5.442265219172208	0.015187274194870528	1.0	1.0
129	0.00014397624075211917	77.5102893862237	1.7167434820209588	200.0	0.01	0.002	4.201485230426759	3.2440402983513326	0.17874068447779198	500.0	5.442265219172208	0.015187274194870528	1.0	1.0
130	0.00013250987470912073	7.223654787813233	0.7852976206468583	200.0	0.01	0.002	9.972540734940784	8.399857837811428	0.33377119484906065	500.0	4.140694372426178	0.0199846588484741	0.0	0.0
131	0.00013250987470912073	7.798924177765641	0.7852976206468583	200.0	0.01	0.002	9.972540734940784	8.399857837811428	0.33377119484906065	500.0	4.140694372426178	0.0199846588484741	0.0	0.0
132	0.00013250987470912073	8.200380847048462	0.7852976206468583	200.0	0.01	0.002	9.972540734940784	8.399857837811428	0.33377119484906065	500.0	4.140694372426178	0.0199846588484741	0.0	0.0
133	0.00013250987470912073	8.69466188434954	0.7852976206468583	200.0	0.01	0.002	9.972540734940784	8.399857837811428	0.33377119484906065	500.0	4.140694372426178	0.0199846588484741	0.0	0.0
134	0.00013250987470912073	8.96791915194019	0.7852976206468583	200.0	0.01	0.002	9.972540734940784	8.399857837811428	0.33377119484906065	500.0	4.140694372426178	0.0199846588484741	0.0	0.0
135	0.00013250987470912073	10.448903278206183	0.7852976206468583	200.0	0.01	0.002	9.972540734940784	8.399857837811428	0.33377119484906065	500.0	4.140694372426178	0.0199846588484741	0.0	0.0
136	0.00013250987470912073	13.647212517198964	0.7852976206468583	200.0	0.01	0.002	9.972540734940784	8.399857837811428	0.33377119484906065	500.0	4.140694372426178	0.0199846588484741	0.0	0.0
137	0.00044325198775167123	14.40723419230236	6.561565376532942	200.0	0.01	0.002	4.58230438517752	2.728729673586847	0.8067002563887169	500.0	2.5073713179796586	0.007286809919624974	1.0	0.0
138	0.00044325198775167123	30.297973174770597	6.561565376532942	200.0	0.01	0.002	4.58230438517752	2.728729673586847	0.8067002563887169	500.0	2.5073713179796586	0.007286809919624974	1.0	0.0
139	0.00044325198775167123	37.00783616898212	6.561565376532942	200.0	0.01	0.002	4.58230438517752	2.728729673586847	0.8067002563887169	500.0	2.5073713179796586	0.007286809919624974	1.0	0.0
140	0.00044325198775167123	42.51592179615114	6.561565376532942	200.0	0.01	0.002	4.58230438517752	2.728729673586847	0.8067002563887169	500.0	2.5073713179796586	0.007286809919624974	1.0	0.0
141	0.00044325198775167123	44.83909105483611	6.561565376532942	200.0	0.01	0.002	4.58230438517752	2.728729673586847	0.8067002563887169	500.0	2.5073713179796586	0.007286809919624974	1.0	0.0
142	0.00044325198775167123	48.24001298218932	6.561565376532942	200.0	0.01	0.002	4.58230438517752	2.728729673586847	0.8067002563887169	500.0	2.5073713179796586	0.007286809919624974	1.0	0.0
143	0.00014397624075211917	13.473414232329256	1.7167434820209588	200.0	0.01	0.002	4.201485230426759	3.2440402983513326	0.17874068447779198	500.0	1.9003570443737805	0.015187274194870528	0.0	1.0
144	0.00014397624075211917	14.265863567904153	1.7167434820209588	200.0	0.01	0.002	4.201485230426759	3.2440402983513326	0.17874068447779198	500.0	1.9003570443737805	0.015187274194870528	0.0	1.0
145	0.00014397624075211917	14.561751812809668	1.7167434820209588	200.0	0.01	0.002	4.201485230426759	3.2440402983513326	0.17874068447779198	500.0	1.9003570443737805	0.015187274194870528	0.0	1.0
146	0.00014397624075211917	14.99574844845746	1.7167434820209588	200.0	0.01	0.002	4.201485230426759	3.2440402983513326	0.17874068447779198	500.0	1.9003570443737805	0.015187274194870528	0.0	1.0
147	0.00014397624075211917	15.213529819035267	1.7167434820209588	200.0	0.01	0.002	4.201485230426759	3.2440402983513326	0.17874068447779198	500.0	1.9003570443737805	0.015187274194870528	0.0	1.0
148	0.00014397624075211917	17.246075018100672	1.7167434820209588	200.0	0.01	0.002	4.201485230426759	3.2440402983513326	0.17874068447779198	500.0	1.9003570443737805	0.015187274194870528	0.0	1.0
149	0.00014397624075211917	23.182574542522925	1.7167434820209588	200.0	0.01	0.002	4.201485230426759	3.2440402983513326	0.17874068447779198	500.0	1.9003570443737805	0.015187274194870528	0.0	1.0
150	0.00014397624075211917	30.549662717263622	1.7167434820209588	200.0	0.01	0.002	4.201485230426759	3.2440402983513326	0.17874068447779198	500.0	5.442265219172208	0.015187274194870528	1.0	1.0
151	0.00014397624075211917	50.380023770150565	1.7167434820209588	200.0	0.01	0.002	4.201485230426759	3.2440402983513326	0.17874068447779198	500.0	5.442265219172208	0.015187274194870528	1.0	1.0
152	0.00014397624075211917	60.59853781329996	1.7167434820209588	200.0	0.01	0.002	4.201485230426759	3.2440402983513326	0.17874068447779198	500.0	5.442265219172208	0.015187274194870528	1.0	1.0
153	0.00014397624075211917	71.93143575210684	1.7167434820209588	200.0	0.01	0.002	4.201485230426759	3.2440402983513326	0.17874068447779198	500.0	5.442265219172208	0.015187274194870528	1.0	1.0
154	0.00014397624075211917	74.36673026042722	1.7167434820209588	200.0	0.01	0.002	4.201485230426759	3.2440402983513326	0.17874068447779198	500.0	5.442265219172208	0.015187274194870528	1.0	1.0
155	0.00014397624075211917	77.5102893862237	1.7167434820209588	200.0	0.01	0.002	4.201485230426759	3.2440402983513326	0.17874068447779198	500.0	5.442265219172208	0.015187274194870528	1.0	1.0
156	0.00013250987470912073	7.223654787813233	0.7852976206468583	200.0	0.01	0.002	9.972540734940784	8.399857837811428	0.33377119484906065	500.0	4.140694372426178	0.0199846588484741	0.0	0.0
157	0.00013250987470912073	7.798924177765641	0.7852976206468583	200.0	0.01	0.002	9.972540734940784	8.399857837811428	0.33377119484906065	500.0	4.140694372426178	0.0199846588484741	0.0	0.0
158	0.00013250987470912073	8.200380847048462	0.7852976206468583	200.0	0.01	0.002	9.972540734940784	8.399857837811428	0.33377119484906065	500.0	4.140694372426178	0.0199846588484741	0.0	0.0
159	0.00013250987470912073	8.69466188434954	0.7852976206468583	200.0	0.01	0.002	9.972540734940784	8.399857837811428	0.33377119484906065	500.0	4.140694372426178	0.0199846588484741	0.0	0.0
160	0.00013250987470912073	8.96791915194019	0.7852976206468583	200.0	0.01	0.002	9.972540734940784	8.399857837811428	0.33377119484906065	500.0	4.140694372426178	0.0199846588484741	0.0	0.0
161	0.00013250987470912073	10.448903278206183	0.7852976206468583	200.0	0.01	0.002	9.972540734940784	8.399857837811428	0.33377119484906065	500.0	4.140694372426178	0.0199846588484741	0.0	0.0
162	0.00013250987470912073	13.647212517198964	0.7852976206468583	200.0	0.01	0.002	9.972540734940784	8.399857837811428	0.33377119484906065	500.0	4.140694372426178	0.0199846588484741	0.0	0.0
163	0.00044325198775167123	14.40723419230236	6.561565376532942	200.0	0.01	0.002	4.58230438517752	2.728729673586847	0.8067002563887169	500.0	2.5073713179796586	0.007286809919624974	1.0	0.0
164	0.00044325198775167123	30.297973174770597	6.561565376532942	200.0	0.01	0.002	4.58230438517752	2.728729673586847	0.8067002563887169	500.0	2.5073713179796586	0.007286809919624974	1.0	0.0
165	0.00044325198775167123	37.00783616898212	6.561565376532942	200.0	0.01	0.002	4.58230438517752	2.728729673586847	0.8067002563887169	500.0	2.5073713179796586	0.007286809919624974	1.0	0.0
166	0.00044325198775167123	42.51592179615114	6.561565376532942	200.0	0.01	0.002	4.58230438517752	2.728729673586847	0.8067002563887169	500.0	2.5073713179796586	0.007286809919624974	1.0	0.0
167	0.00044325198775167123	44.83909105483611	6.561565376532942	200.0	0.01	0.002	4.58230438517752	2.728729673586847	0.8067002563887169	500.0	2.5073713179796586	0.007286809919624974	1.0	0.0
168	0.00044325198775167123	48.24001298218932	6.561565376532942	200.0	0.01	0.002	4.58230438517752	2.728729673586847	0.8067002563887169	500.0	2.5073713179796586	0.007286809919624974	1.0	0.0
169	0.00014397624075211917	13.473414232329256	1.7167434820209588	200.0	0.01	0.002	4.201485230426759	3.2440402983513326	0.17874068447779198	500.0	1.9003570443737805	0.015187274194870528	0.0	1.0
170	0.00014397624075211917	14.265863567904153	1.7167434820209588	200.0	0.01	0.002	4.201485230426759	3.2440402983513326	0.17874068447779198	500.0	1.9003570443737805	0.015187274194870528	0.0	1.0
171	0.00014397624075211917	14.561751812809668	1.7167434820209588	200.0	0.01	0.002	4.201485230426759	3.2440402983513326	0.17874068447779198	500.0	1.9003570443737805	0.015187274194870528	0.0	1.0
172	0.00014397624075211917	14.99574844845746	1.7167434820209588	200.0	0.01	0.002	4.201485230426759	3.2440402983513326	0.17874068447779198	500.0	1.9003570443737805	0.015187274194870528	0.0	1.0
173	0.00014397624075211917	15.213529819035267	1.7167434820209588	200.0	0.01	0.002	4.201485230426759	3.2440402983513326	0.17874068447779198	500.0	1.9003570443737805	0.015187274194870528	0.0	1.0
174	0.00014397624075211917	17.246075018100672	1.7167434820209588	200.0	0.01	0.002	4.201485230426759	3.2440402983513326	0.17874068447779198	500.0	1.9003570443737805	0.015187274194870528	0.0	1.0
175	0.00014397624075211917	23.182574542522925	1.7167434820209588	200.0	0.01	0.002	4.201485230426759	3.2440402983513326	0.17874068447779198	500.0	1.9003570443737805	0.015187274194870528	0.0	1.0
176	0.00014397624075211917	30.549662717263622	1.7167434820209588	200.0	0.01	0.002	4.201485230426759	3.2440402983513326	0.17874068447779198	500.0	5.442265219172208	0.015187274194870528	1.0	1.0
177	0.00014397624075211917	50.380023770150565	1.7167434820209588	200.0	0.01	0.002	4.201485230426759	3.2440402983513326	0.17874068447779198	500.0	5.442265219172208	0.015187274194870528	1.0	1.0
178	0.00014397624075211917	60.59853781329996	1.7167434820209588	200.0	0.01	0.002	4.201485230426759	3.2440402983513326	0.17874068447779198	500.0	5.442265219172208	0.015187274194870528	1.0	1.0
179	0.00014397624075211917	71.93143575210684	1.7167434820209588	200.0	0.01	0.002	4.201485230426759	3.2440402983513326	0.17874068447779198	500.0	5.442265219172208	0.015187274194870528	1.0	1.0
180	0.00014397624075211917	74.36673026042722	1.7167434820209588	200.0	0.01	0.002	4.201485230426759	3.2440402983513326	0.17874068447779198	500.0	5.442265219172208	0.015187274194870528	1.0	1.0
181	0.00014397624075211917	77.5102893862237	1.7167434820209588	200.0	0.01	0.002	4.201485230426759	3.2440402983513326	0.17874068447779198	500.0	5.442265219172208	0.015187274194870528	1.0	1.0
182	0.00013250987470912073	7.223654787813233	0.7852976206468583	200.0	0.01	0.002	9.972540734940784	8.399857837811428	0.33377119484906065	500.0	4.140694372426178	0.0199846588484741	0.0	0.0
183	0.00013250987470912073	7.798924177765641	0.7852976206468583	200.0	0.01	0.002	9.972540734940784	8.399857837811428	0.33377119484906065	500.0	4.140694372426178	0.0199846588484741	0.0	0.0
184	0.00013250987470912073	8.200380847048462	0.7852976206468583	200.0	0.01	0.002	9.972540734940784	8.399857837811428	0.33377119484906065	500.0	4.140694372426178	0.0199846588484741	0.0	0.0
185	0.00013250987470912073	8.69466188434954	0.7852976206468583	200.0	0.01	0.002	9.972540734940784	8.399857837811428	0.33377119484906065	500.0	4.140694372426178	0.0199846588484741	0.0	0.0
186	0.00013250987470912073	8.96791915194019	0.7852976206468583	200.0	0.01	0.002	9.972540734940784	8.399857837811428	0.33377119484906065	500.0	4.140694372426178	0.0199846588484741	0.0	0.0
187	0.00013250987470912073	10.448903278206183	0.7852976206468583	200.0	0.01	0.002	9.972540734940784	8.399857837811428	0.33377119484906065	500.0	4.140694372426178	0.0199846588484741	0.0	0.0
188	0.00013250987470912073	13.647212517198964	0.7852976206468583	200.0	0.01	0.002	9.972540734940784	8.399857837811428	0.33377119484906065	500.0	4.140694372426178	0.0199846588484741	0.0	0.0
189	0.00044325198775167123	14.40723419230236	6.561565376532942	200.0	0.01	0.002	4.58230438517752	2.728729673586847	0.8067002563887169	500.0	2.5073713179796586	0.007286809919624974	1.0	0.0
190	0.00044325198775167123	30.297973174770597	6.561565376532942	200.0	0.01	0.002	4.58230438517752	2.728729673586847	0.8067002563887169	500.0	2.5073713179796586	0.007286809919624974	1.0	0.0
191	0.00044325198775167123	37.00783616898212	6.561565376532942	200.0	0.01	0.002	4.58230438517752	2.728729673586847	0.8067002563887169	500.0	2.5073713179796586	0.007286809919624974	1.0	0.0
192	0.00044325198775167123	42.51592179615114	6.561565376532942	200.0	0.01	0.002	4.58230438517752	2.728729673586847	0.8067002563887169	500.0	2.5073713179796586	0.007286809919624974	1.0	0.0
193	0.00044325198775167123	44.83909105483611	6.561565376532942	200.0	0.01	0.002	4.58230438517752	2.728729673586847	0.8067002563887169	500.0	2.5073713179796586	0.007286809919624974	1.0	0.0
194	0.00044325198775167123	48.24001298218932	6.561565376532942	200.0	0.01	0.002	4.58230438517752	2.728729673586847	0.8067002563887169	500.0	2.5073713179796586	0.007286809919624974	1.0	0.0
195	0.00014397624075211917	13.473414232329256	1.7167434820209588	200.0	0.01	0.002	4.201485230426759	3.2440402983513326	0.17874068447779198	500.0	1.9003570443737805	0.015187274194870528	0.0	1.0
196	0.00014397624075211917	14.265863567904153	1.7167434820209588	200.0	0.01	0.002	4.201485230426759	3.2440402983513326	0.17874068447779198	500.0	1.9003570443737805	0.015187274194870528	0.0	1.0
197	0.00014397624075211917	14.561751812809668	1.7167434820209588	200.0	0.01	0.002	4.201485230426759	3.2440402983513326	0.17874068447779198	500.0	1.9003570443737805	0.015187274194870528	0.0	1.0
198	0.00014397624075211917	14.99574844845746	1.7167434820209588	200.0	0.01	0.002	4.201485230426759	3.2440402983513326	0.17874068447779198	500.0	1.9003570443737805	0.015187274194870528	0.0	1.0
199	0.00014397624075211917	15.213529819035267	1.7167434820209588	200.0	0.01	0.002	4.201485230426759	3.2440402983513326	0.17874068447779198	500.0	1.9003570443737805	0.015187274194870528	0.0	1.0
200	0.00014397624075211917	17.246075018100672	1.7167434820209588	200.0	0.01	0.002	4.201485230426759	3.2440402983513326	0.17874068447779198	500.0	1.9003570443737805	0.015187274194870528	0.0	1.0
201	0.00014397624075211917	23.182574542522925	1.7167434820209588	200.0	0.01	0.002	4.201485230426759	3.2440402983513326	0.17874068447779198	500.0	1.9003570443737805	0.015187274194870528	0.0	1.0
202	0.00014397624075211917	30.549662717263622	1.7167434820209588	200.0	0.01	0.002	4.201485230426759	3.2440402983513326	0.17874068447779198	500.0	5.442265219172208	0.015187274194870528	1.0	1.0
203	0.00014397624075211917	50.380023770150565	1.7167434820209588	200.0	0.01	0.002	4.201485230426759	3.2440402983513326	0.17874068447779198	500.0	5.442265219172208	0.015187274194870528	1.0	1.0
204	0.00014397624075211917	60.59853781329996	1.7167434820209588	200.0	0.01	0.002	4.201485230426759	3.2440402983513326	0.17874068447779198	500.0	5.442265219172208	0.015187274194870528	1.0	1.0
205	0.00014397624075211917	71.93143575210684	1.7167434820209588	200.0	0.01	0.002	4.201485230426759	3.2440402983513326	0.17874068447779198	500.0	5.442265219172208	0.015187274194870528	1.0	1.0
206	0.00014397624075211917	74.36673026042722	1.7167434820209588	200.0	0.01	0.002	4.201485230426759	3.2440402983513326	0.17874068447779198	500.0	5.442265219172208	0.015187274194870528	1.0	1.0
207	0.00014397624075211917	77.5102893862237	1.7167434820209588	200.0	0.01	0.002	4.201485230426759	3.2440402983513326	0.17874068447779198	500.0	5.442265219172208	0.015187274194870528	1.0	1.0
208	0.00013250987470912073	7.223654787813233	0.7852976206468583	200.0	0.01	0.002	9.972540734940784	8.399857837811428	0.33377119484906065	500.0	4.140694372426178	0.0199846588484741	0.0	0.0
209	0.00013250987470912073	7.798924177765641	0.7852976206468583	200.0	0.01	0.002	9.972540734940784	8.399857837811428	0.33377119484906065	500.0	4.140694372426178	0.0199846588484741	0.0	0.0
210	0.00013250987470912073	8.200380847048462	0.7852976206468583	200.0	0.01	0.002	9.972540734940784	8.399857837811428	0.33377119484906065	500.0	4.140694372426178	0.0199846588484741	0.0	0.0
211	0.00013250987470912073	8.69466188434954	0.7852976206468583	200.0	0.01	0.002	9.972540734940784	8.399857837811428	0.33377119484906065	500.0	4.140694372426178	0.0199846588484741	0.0	0.0
212	0.00013250987470912073	8.96791915194019	0.7852976206468583	200.0	0.01	0.002	9.972540734940784	8.399857837811428	0.33377119484906065	500.0	4.140694372426178	0.0199846588484741	0.0	0.0
213	0.00013250987470912073	10.448903278206183	0.7852976206468583	200.0	0.01	0.002	9.972540734940784	8.399857837811428	0.33377119484906065	500.0	4.140694372426178	0.0199846588484741	0.0	0.0
214	0.00013250987470912073	13.647212517198964	0.7852976206468583	200.0	0.01	0.002	9.972540734940784	8.399857837811428	0.33377119484906065	500.0	4.140694372426178	0.0199846588484741	0.0	0.0
215	0.00044325198775167123	14.40723419230236	6.561565376532942	200.0	0.01	0.002	4.58230438517752	2.728729673586847	0.8067002563887169	500.0	2.5073713179796586	0.007286809919624974	1.0	0.0
216	0.00044325198775167123	30.297973174770597	6.561565376532942	200.0	0.01	0.002	4.58230438517752	2.728729673586847	0.8067002563887169	500.0	2.5073713179796586	0.007286809919624974	1.0	0.0
217	0.00044325198775167123	37.00783616898212	6.561565376532942	200.0	0.01	0.002	4.58230438517752	2.728729673586847	0.8067002563887169	500.0	2.5073713179796586	0.007286809919624974	1.0	0.0
218	0.00044325198775167123	42.51592179615114	6.561565376532942	200.0	0.01	0.002	4.58230438517752	2.728729673586847	0.8067002563887169	500.0	2.5073713179796586	0.007286809919624974	1.0	0.0
219	0.00044325198775167123	44.83909105483611	6.561565376532942	200.0	0.01	0.002	4.58230438517752	2.728729673586847	0.8067002563887169	500.0	2.5073713179796586	0.007286809919624974	1.0	0.0
220	0.00044325198775167123	48.24001298218932	6.561565376532942	200.0	0.01	0.002	4.58230438517752	2.728729673586847	0.8067002563887169	500.0	2.5073713179796586	0.007286809919624974	1.0	0.0
221	0.00014397624075211917	13.473414232329256	1.7167434820209588	200.0	0.01	0.002	4.201485230426759	3.2440402983513326	0.17874068447779198	500.0	1.9003570443737805	0.015187274194870528	0.0	1.0
222	0.00014397624075211917	14.265863567904153	1.7167434820209588	200.0	0.01	0.002	4.201485230426759	3.2440402983513326	0.17874068447779198	500.0	1.9003570443737805	0.015187274194870528	0.0	1.0
223	0.00014397624075211917	14.561751812809668	1.7167434820209588	200.0	0.01	0.002	4.201485230426759	3.2440402983513326	0.17874068447779198	500.0	1.9003570443737805	0.015187274194870528	0.0	1.0
224	0.00014397624075211917	14.99574844845746	1.7167434820209588	200.0	0.01	0.002	4.201485230426759	3.2440402983513326	0.17874068447779198	500.0	1.9003570443737805	0.015187274194870528	0.0	1.0
225	0.00014397624075211917	15.213529819035267	1.7167434820209588	200.0	0.01	0.002	4.201485230426759	3.2440402983513326	0.17874068447779198	500.0	1.9003570443737805	0.015187274194870528	0.0	1.0
226	0.00014397624075211917	17.246075018100672	1.7167434820209588	200.0	0.01	0.002	4.201485230426759	3.2440402983513326	0.17874068447779198	500.0	1.9003570443737805	0.015187274194870528	0.0	1.0
227	0.00014397624075211917	23.182574542522925	1.7167434820209588	200.0	0.01	0.002	4.201485230426759	3.2440402983513326	0.17874068447779198	500.0	1.9003570443737805	0.015187274194870528	0.0	1.0
228	0.00014397624075211917	30.549662717263622	1.7167434820209588	200.0	0.01	0.002	4.201485230426759	3.2440402983513326	0.17874068447779198	500.0	5.442265219172208	0.015187274194870528	1.0	1.0
229	0.00014397624075211917	50.380023770150565	1.7167434820209588	200.0	0.01	0.002	4.201485230426759	3.2440402983513326	0.17874068447779198	500.0	5.442265219172208	0.015187274194870528	1.0	1.0
230	0.00014397624075211917	60.59853781329996	1.7167434820209588	200.0	0.01	0.002	4.201485230426759	3.2440402983513326	0.17874068447779198	500.0	5.442265219172208	0.015187274194870528	1.0	1.0
231	0.00014397624075211917	71.93143575210684	1.7167434820209588	200.0	0.01	0.002	4.201485230426759	3.2440402983513326	0.17874068447779198	500.0	5.442265219172208	0.015187274194870528	1.0	1.0
232	0.00014397624075211917	74.36673026042722	1.7167434820209588	200.0	0.01	0.002	4.201485230426759	3.2440402983513326	0.17874068447779198	500.0	5.442265219172208	0.015187274194870528	1.0	1.0
233	0.00014397624075211917	77.5102893862237	1.7167434820209588	200.0	0.01	0.002	4.201485230426759	3.2440402983513326	0.17874068447779198	500.0	5.442265219172208	0.015187274194870528	1.0	1.0
234	0.00013250987470912073	7.223654787813233	0.7852976206468583	200.0	0.01	0.002	9.972540734940784	8.399857837811428	0.33377119484906065	500.0	4.140694372426178	0.0199846588484741	0.0	0.0
235	0.00013250987470912073	7.798924177765641	0.7852976206468583	200.0	0.01	0.002	9.972540734940784	8.399857837811428	0.33377119484906065	500.0	4.140694372426178	0.0199846588484741	0.0	0.0
236	0.00013250987470912073	8.200380847048462	0.7852976206468583	200.0	0.01	0.002	9.972540734940784	8.399857837811428	0.33377119484906065	500.0	4.140694372426178	0.0199846588484741	0.0	0.0
237	0.00013250987470912073	8.69466188434954	0.7852976206468583	200.0	0.01	0.002	9.972540734940784	8.399857837811428	0.33377119484906065	500.0	4.140694372426178	0.0199846588484741	0.0	0.0
238	0.00013250987470912073	8.96791915194019	0.7852976206468583	200.0	0.01	0.002	9.972540734940784	8.399857837811428	0.33377119484906065	500.0	4.140694372426178	0.0199846588484741	0.0	0.0
239	0.00013250987470912073	10.448903278206183	0.7852976206468583	200.0	0.01	0.002	9.972540734940784	8.399857837811428	0.33377119484906065	500.0	4.140694372426178	0.0199846588484741	0.0	0.0
240	0.00013250987470912073	13.647212517198964	0.7852976206468583	200.0	0.01	0.002	9.972540734940784	8.399857837811428	0.33377119484906065	500.0	4.140694372426178	0.0199846588484741	0.0	0.0
241	0.00044325198775167123	14.40723419230236	6.561565376532942	200.0	0.01	0.002	4.58230438517752	2.728729673586847	0.8067002563887169	500.0	2.5073713179796586	0.007286809919624974	1.0	0.0
242	0.00044325198775167123	30.297973174770597	6.561565376532942	200.0	0.01	0.002	4.58230438517752	2.728729673586847	0.8067002563887169	500.0	2.5073713179796586	0.007286809919624974	1.0	0.0
243	0.00044325198775167123	37.00783616898212	6.561565376532942	200.0	0.01	0.002	4.58230438517752	2.728729673586847	0.8067002563887169	500.0	2.5073713179796586	0.007286809919624974	1.0	0.0
244	0.00044325198775167123	42.51592179615114	6.561565376532942	200.0	0.01	0.002	4.58230438517752	2.728729673586847	0.8067002563887169	500.0	2.5073713179796586	0.007286809919624974	1.0	0.0
245	0.00044325198775167123	44.83909105483611	6.561565376532942	200.0	0.01	0.002	4.58230438517752	2.728729673586847	0.8067002563887169	500.0	2.5073713179796586	0.007286809919624974	1.0	0.0
246	0.00044325198775167123	48.24001298218932	6.561565376532942	200.0	0.01	0.002	4.58230438517752	2.728729673586847	0.8067002563887169	500.0	2.5073713179796586	0.007286809919624974	1.0	0.0
247	0.00014397624075211917	13.473414232329256	1.7167434820209588	200.0	0.01	0.002	4.201485230426759	3.2440402983513326	0.17874068447779198	500.0	1.9003570443737805	0.015187274194870528	0.0	1.0
248	0.00014397624075211917	14.265863567904153	1.7167434820209588	200.0	0.01	0.002	4.201485230426759	3.2440402983513326	0.17874068447779198	500.0	1.9003570443737805	0.015187274194870528	0.0	1.0
249	0.00014397624075211917	14.561751812809668	1.7167434820209588	200.0	0.01	0.002	4.201485230426759	3.2440402983513326	0.17874068447779198	500.0	1.9003570443737805	0.015187274194870528	0.0	1.0
250	0.00014397624075211917	14.99574844845746	1.7167434820209588	200.0	0.01	0.002	4.201485230426759	3.2440402983513326	0.17874068447779198	500.0	1.9003570443737805	0.015187274194870528	0.0	1.0
251	0.00014397624075211917	15.213529819035267	1.7167434820209588	200.0	0.01	0.002	4.201485230426759	3.2440402983513326	0.17874068447779198	500.0	1.9003570443737805	0.015187274194870528	0.0	1.0
252	0.00014397624075211917	17.246075018100672	1.7167434820209588	200.0	0.01	0.002	4.201485230426759	3.2440402983513326	0.17874068447779198	500.0	1.9003570443737805	0.015187274194870528	0.0	1.0
253	0.00014397624075211917	23.182574542522925	1.7167434820209588	200.0	0.01	0.002	4.201485230426759	3.2440402983513326	0.17874068447779198	500.0	1.9003570443737805	0.015187274194870528	0.0	1.0
254	0.00014397624075211917	30.549662717263622	1.7167434820209588	200.0	0.01	0.002	4.201485230426759	3.2440402983513326	0.17874068447779198	500.0	5.442265219172208	0.015187274194870528	1.0	1.0
255	0.00014397624075211917	50.380023770150565	1.7167434820209588	200.0	0.01	0.002	4.201485230426759	3.2440402983513326	0.17874068447779198	500.0	5.442265219172208	0.015187274194870528	1.0	1.0
256	0.00014397624075211917	60.59853781329996	1.7167434820209588	200.0	0.01	0.002	4.201485230426759	3.2440402983513326	0.17874068447779198	500.0	5.442265219172208	0.015187274194870528	1.0	1.0
257	0.00014397624075211917	71.93143575210684	1.7167434820209588	200.0	0.01	0.002	4.201485230426759	3.2440402983513326	0.17874068447779198	500.0	5.442265219172208	0.015187274194870528	1.0	1.0
258	0.00014397624075211917	74.36673026042722	1.7167434820209588	200.0	0.01	0.002	4.201485230426759	3.2440402983513326	0.17874068447779198	500.0	5.442265219172208	0.015187274194870528	1.0	1.0
259	0.00014397624075211917	77.5102893862237	1.7167434820209588	200.0	0.01	0.002	4.201485230426759	3.2440402983513326	0.17874068447779198	500.0	5.442265219172208	0.015187274194870528	1.0	1.0
260	0.00013250987470912073	7.223654787813233	0.7852976206468583	200.0	0.01	0.002	9.972540734940784	8.399857837811428	0.33377119484906065	500.0	4.140694372426178	0.0199846588484741	0.0	0.0
261	0.00013250987470912073	7.798924177765641	0.7852976206468583	200.0	0.01	0.002	9.972540734940784	8.399857837811428	0.33377119484906065	500.0	4.140694372426178	0.0199846588484741	0.0	0.0
262	0.00013250987470912073	8.200380847048462	0.7852976206468583	200.0	0.01	0.002	9.972540734940784	8.399857837811428	0.33377119484906065	500.0	4.140694372426178	0.0199846588484741	0.0	0.0
263	0.00013250987470912073	8.69466188434954	0.7852976206468583	200.0	0.01	0.002	9.972540734940784	8.399857837811428	0.33377119484906065	500.0	4.140694372426178	0.0199846588484741	0.0	0.0
264	0.00013250987470912073	8.96791915194019	0.7852976206468583	200.0	0.01	0.002	9.972540734940784	8.399857837811428	0.33377119484906065	500.0	4.140694372426178	0.0199846588484741	0.0	0.0
265	0.00013250987470912073	10.448903278206183	0.7852976206468583	200.0	0.01	0.002	9.972540734940784	8.399857837811428	0.33377119484906065	500.0	4.140694372426178	0.0199846588484741	0.0	0.0
266	0.00013250987470912073	13.647212517198964	0.7852976206468583	200.0	0.01	0.002	9.972540734940784	8.399857837811428	0.33377119484906065	500.0	4.140694372426178	0.0199846588484741	0.0	0.0
267	0.00044325198775167123	14.40723419230236	6.561565376532942	200.0	0.01	0.002	4.58230438517752	2.728729673586847	0.8067002563887169	500.0	2.5073713179796586	0.007286809919624974	1.0	0.0
268	0.00044325198775167123	30.297973174770597	6.561565376532942	200.0	0.01	0.002	4.58230438517752	2.728729673586847	0.8067002563887169	500.0	2.5073713179796586	0.007286809919624974	1.0	0.0
269	0.00044325198775167123	37.00783616898212	6.561565376532942	200.0	0.01	0.002	4.58230438517752	2.728729673586847	0.8067002563887169	500.0	2.5073713179796586	0.007286809919624974	1.0	0.0
270	0.00044325198775167123	42.51592179615114	6.561565376532942	200.0	0.01	0.002	4.58230438517752	2.728729673586847	0.8067002563887169	500.0	2.5073713179796586	0.007286809919624974	1.0	0.0
271	0.00044325198775167123	44.83909105483611	6.561565376532942	200.0	0.01	0.002	4.58230438517752	2.728729673586847	0.8067002563887169	500.0	2.5073713179796586	0.007286809919624974	1.0	0.0
272	0.00044325198775167123	48.24001298218932	6.561565376532942	200.0	0.01	0.002	4.58230438517752	2.728729673586847	0.8067002563887169	500.0	2.5073713179796586	0.007286809919624974	1.0	0.0
273	0.00014397624075211917	13.473414232329256	1.7167434820209588	200.0	0.01	0.002	4.201485230426759	3.2440402983513326	0.17874068447779198	500.0	1.9003570443737805	0.015187274194870528	0.0	1.0
274	0.00014397624075211917	14.265863567904153	1.7167434820209588	200.0	0.01	0.002	4.201485230426759	3.2440402983513326	0.17874068447779198	500.0	1.9003570443737805	0.015187274194870528	0.0	1.0
275	0.00014397624075211917	14.561751812809668	1.7167434820209588	200.0	0.01	0.002	4.201485230426759	3.2440402983513326	0.17874068447779198	500.0	1.9003570443737805	0.015187274194870528	0.0	1.0
276	0.00014397624075211917	14.99574844845746	1.7167434820209588	200.0	0.01	0.002	4.201485230426759	3.2440402983513326	0.17874068447779198	500.0	1.9003570443737805	0.015187274194870528	0.0	1.0
277	0.00014397624075211917	15.213529819035267	1.7167434820209588	200.0	0.01	0.002	4.201485230426759	3.2440402983513326	0.17874068447779198	500.0	1.9003570443737805	0.015187274194870528	0.0	1.0
278	0.00014397624075211917	17.246075018100672	1.7167434820209588	200.0	0.01	0.002	4.201485230426759	3.2440402983513326	0.17874068447779198	500.0	1.9003570443737805	0.015187274194870528	0.0	1.0
279	0.00014397624075211917	23.182574542522925	1.7167434820209588	200.0	0.01	0.002	4.201485230426759	3.2440402983513326	0.17874068447779198	500.0	1.9003570443737805	0.015187274194870528	0.0	1.0
280	0.00014397624075211917	30.549662717263622	1.7167434820209588	200.0	0.01	0.002	4.201485230426759	3.2440402983513326	0.17874068447779198	500.0	5.442265219172208	0.015187274194870528	1.0	1.0
281	0.00014397624075211917	50.380023770150565	1.7167434820209588	200.0	0.01	0.002	4.201485230426759	3.2440402983513326	0.17874068447779198	500.0	5.442265219172208	0.015187274194870528	1.0	1.0
282	0.00014397624075211917	60.59853781329996	1.7167434820209588	200.0	0.01	0.002	4.201485230426759	3.2440402983513326	0.17874068447779198	500.0	5.442265219172208	0.015187274194870528	1.0	1.0
283	0.00014397624075211917	71.93143575210684	1.7167434820209588	200.0	0.01	0.002	4.201485230426759	3.2440402983513326	0.17874068447779198	500.0	5.442265219172208	0.015187274194870528	1.0	1.0
284	0.00014397624075211917	74.36673026042722	1.7167434820209588	200.0	0.01	0.002	4.201485230426759	3.2440402983513326	0.17874068447779198	500.0	5.442265219172208	0.015187274194870528	1.0	1.0
285	0.00014397624075211917	77.5102893862237	1.7167434820209588	200.0	0.01	0.002	4.201485230426759	3.2440402983513326	0.17874068447779198	500.0	5.442265219172208	0.015187274194870528	1.0	1.0
286	0.00013250987470912073	7.223654787813233	0.7852976206468583	200.0	0.01	0.002	9.972540734940784	8.399857837811428	0.33377119484906065	500.0	4.140694372426178	0.0199846588484741	0.0	0.0
287	0.00013250987470912073	7.798924177765641	0.7852976206468583	200.0	0.01	0.002	9.972540734940784	8.399857837811428	0.33377119484906065	500.0	4.140694372426178	0.0199846588484741	0.0	0.0
288	0.00013250987470912073	8.200380847048462	0.7852976206468583	200.0	0.01	0.002	9.972540734940784	8.399857837811428	0.33377119484906065	500.0	4.140694372426178	0.0199846588484741	0.0	0.0
289	0.00013250987470912073	8.69466188434954	0.7852976206468583	200.0	0.01	0.002	9.972540734940784	8.399857837811428	0.33377119484906065	500.0	4.140694372426178	0.0199846588484741	0.0	0.0
290	0.00013250987470912073	8.96791915194019	0.7852976206468583	200.0	0.01	0.002	9.972540734940784	8.399857837811428	0.33377119484906065	500.0	4.140694372426178	0.0199846588484741	0.0	0.0
291	0.00013250987470912073	10.448903278206183	0.7852976206468583	200.0	0.01	0.002	9.972540734940784	8.399857837811428	0.33377119484906065	500.0	4.140694372426178	0.0199846588484741	0.0	0.0
292	0.00013250987470912073	13.647212517198964	0.7852976206468583	200.0	0.01	0.002	9.972540734940784	8.399857837811428	0.33377119484906065	500.0	4.140694372426178	0.0199846588484741	0.0	0.0
293	0.00044325198775167123	14.40723419230236	6.561565376532942	200.0	0.01	0.002	4.58230438517752	2.728729673586847	0.8067002563887169	500.0	2.5073713179796586	0.007286809919624974	1.0	0.0
294	0.00044325198775167123	30.297973174770597	6.561565376532942	200.0	0.01	0.002	4.58230438517752	2.728729673586847	0.8067002563887169	500.0	2.5073713179796586	0.007286809919624974	1.0	0.0
295	0.00044325198775167123	37.00783616898212	6.561565376532942	200.0	0.01	0.002	4.58230438517752	2.728729673586847	0.8067002563887169	500.0	2.5073713179796586	0.007286809919624974	1.0	0.0
296	0.00044325198775167123	42.51592179615114	6.561565376532942	200.0	0.01	0.002	4.58230438517752	2.728729673586847	0.8067002563887169	500.0	2.5073713179796586	0.007286809919624974	1.0	0.0
297	0.00044325198775167123	44.83909105483611	6.561565376532942	200.0	0.01	0.002	4.58230438517752	2.728729673586847	0.8067002563887169	500.0	2.5073713179796586	0.007286809919624974	1.0	0.0
298	0.00044325198775167123	48.24001298218932	6.561565376532942	200.0	0.01	0.002	4.58230438517752	2.728729673586847	0.8067002563887169	500.0	2.5073713179796586	0.007286809919624974	1.0	0.0
299	0.00014397624075211917	13.473414232329256	1.7167434820209588	200.0	0.01	0.002	4.201485230426759	3.2440402983513326	0.17874068447779198	500.0	1.9003570443737805	0.015187274194870528	0.0	1.0
300	0.00014397624075211917	14.265863567904153	1.7167434820209588	200.0	0.01	0.002	4.201485230426759	3.2440402983513326	0.17874068447779198	500.0	1.9003570443737805	0.015187274194870528	0.0	1.0
301	0.00014397624075211917	14.561751812809668	1.7167434820209588	200.0	0.01	0.002	4.201485230426759	3.2440402983513326	0.17874068447779198	500.0	1.9003570443737805	0.015187274194870528	0.0	1.0
302	0.00014397624075211917	14.99574844845746	1.7167434820209588	200.0	0.01	0.002	4.201485230426759	3.2440402983513326	0.17874068447779198	500.0	1.9003570443737805	0.015187274194870528	0.0	1.0
303	0.00014397624075211917	15.213529819035267	1.7167434820209588	200.0	0.01	0.002	4.201485230426759	3.2440402983513326	0.17874068447779198	500.0	1.9003570443737805	0.015187274194870528	0.0	1.0
304	0.00014397624075211917	17.246075018100672	1.7167434820209588	200.0	0.01	0.002	4.201485230426759	3.2440402983513326	0.17874068447779198	500.0	1.9003570443737805	0.015187274194870528	0.0	1.0
305	0.00014397624075211917	23.182574542522925	1.7167434820209588	200.0	0.01	0.002	4.201485230426759	3.2440402983513326	0.17874068447779198	500.0	1.9003570443737805	0.015187274194870528	0.0	1.0
306	0.00014397624075211917	30.549662717263622	1.7167434820209588	200.0	0.01	0.002	4.201485230426759	3.2440402983513326	0.17874068447779198	500.0	5.442265219172208	0.015187274194870528	1.0	1.0
307	0.00014397624075211917	50.380023770150565	1.7167434820209588	200.0	0.01	0.002	4.201485230426759	3.2440402983513326	0.17874068447779198	500.0	5.442265219172208	0.015187274194870528	1.0	1.0
308	0.00014397624075211917	60.59853781329996	1.7167434820209588	200.0	0.01	0.002	4.201485230426759	3.2440402983513326	0.17874068447779198	500.0	5.442265219172208	0.015187274194870528	1.0	1.0
309	0.00014397624075211917	71.93143575210684	1.7167434820209588	200.0	0.01	0.002	4.201485230426759	3.2440402983513326	0.17874068447779198	500.0	5.442265219172208	0.015187274194870528	1.0	1.0
310	0.00014397624075211917	74.36673026042722	1.7167434820209588	200.0	0.01	0.002	4.201485230426759	3.2440402983513326	0.17874068447779198	500.0	5.442265219172208	0.015187274194870528	1.0	1.0
311	0.00014397624075211917	77.5102893862237	1.7167434820209588	200.0	0.01	0.002	4.201485230426759	3.2440402983513326	0.17874068447779198	500.0	5.442265219172208	0.015187274194870528	1.0	1.0
312	0.00013250987470912073	7.223654787813233	0.7852976206468583	200.0	0.01	0.002	9.972540734940784	8.399857837811428	0.33377119484906065	500.0	4.140694372426178	0.0199846588484741	0.0	0.0
313	0.00013250987470912073	7.798924177765641	0.7852976206468583	200.0	0.01	0.002	9.972540734940784	8.399857837811428	0.33377119484906065	500.0	4.140694372426178	0.0199846588484741	0.0	0.0
314	0.00013250987470912073	8.200380847048462	0.7852976206468583	200.0	0.01	0.002	9.972540734940784	8.399857837811428	0.33377119484906065	500.0	4.140694372426178	0.0199846588484741	0.0	0.0
315	0.00013250987470912073	8.69466188434954	0.7852976206468583	200.0	0.01	0.002	9.972540734940784	8.399857837811428	0.33377119484906065	500.0	4.140694372426178	0.0199846588484741	0.0	0.0
316	0.00013250987470912073	8.96791915194019	0.7852976206468583	200.0	0.01	0.002	9.972540734940784	8.399857837811428	0.33377119484906065	500.0	4.140694372426178	0.0199846588484741	0.0	0.0
317	0.00013250987470912073	10.448903278206183	0.7852976206468583	200.0	0.01	0.002	9.972540734940784	8.399857837811428	0.33377119484906065	500.0	4.140694372426178	0.0199846588484741	0.0	0.0
318	0.00013250987470912073	13.647212517198964	0.7852976206468583	200.0	0.01	0.002	9.972540734940784	8.399857837811428	0.33377119484906065	500.0	4.140694372426178	0.0199846588484741	0.0	0.0
319	0.00044325198775167123	14.40723419230236	6.561565376532942	200.0	0.01	0.002	4.58230438517752	2.728729673586847	0.8067002563887169	500.0	2.5073713179796586	0.007286809919624974	1.0	0.0
320	0.00044325198775167123	30.297973174770597	6.561565376532942	200.0	0.01	0.002	4.58230438517752	2.728729673586847	0.8067002563887169	500.0	2.5073713179796586	0.007286809919624974	1.0	0.0
321	0.00044325198775167123	37.00783616898212	6.561565376532942	200.0	0.01	0.002	4.58230438517752	2.728729673586847	0.8067002563887169	500.0	2.5073713179796586	0.007286809919624974	1.0	0.0
322	0.00044325198775167123	42.51592179615114	6.561565376532942	200.0	0.01	0.002	4.58230438517752	2.728729673586847	0.8067002563887169	500.0	2.5073713179796586	0.007286809919624974	1.0	0.0
323	0.00044325198775167123	44.83909105483611	6.561565376532942	200.0	0.01	0.002	4.58230438517752	2.728729673586847	0.8067002563887169	500.0	2.5073713179796586	0.007286809919624974	1.0	0.0
324	0.00044325198775167123	48.24001298218932	6.561565376532942	200.0	0.01	0.002	4.58230438517752	2.728729673586847	0.8067002563887169	500.0	2.5073713179796586	0.007286809919624974	1.0	0.0
325	0.00014397624075211917	13.473414232329256	1.7167434820209588	200.0	0.01	0.002	4.201485230426759	3.2440402983513326	0.17874068447779198	500.0	1.9003570443737805	0.015187274194870528	0.0	1.0
326	0.00014397624075211917	14.265863567904153	1.7167434820209588	200.0	0.01	0.002	4.201485230426759	3.2440402983513326	0.17874068447779198	500.0	1.9003570443737805	0.015187274194870528	0.0	1.0
327	0.00014397624075211917	14.561751812809668	1.7167434820209588	200.0	0.01	0.002	4.201485230426759	3.2440402983513326	0.17874068447779198	500.0	1.9003570443737805	0.015187274194870528	0.0	1.0
328	0.00014397624075211917	14.99574844845746	1.7167434820209588	200.0	0.01	0.002	4.201485230426759	3.2440402983513326	0.17874068447779198	500.0	1.9003570443737805	0.015187274194870528	0.0	1.0
329	0.00014397624075211917	15.213529819035267	1.7167434820209588	200.0	0.01	0.002	4.201485230426759	3.2440402983513326	0.17874068447779198	500.0	1.9003570443737805	0.015187274194870528	0.0	1.0
330	0.00014397624075211917	17.246075018100672	1.7167434820209588	200.0	0.01	0.002	4.201485230426759	3.2440402983513326	0.17874068447779198	500.0	1.9003570443737805	0.015187274194870528	0.0	1.0
331	0.00014397624075211917	23.182574542522925	1.7167434820209588	200.0	0.01	0.002	4.201485230426759	3.2440402983513326	0.17874068447779198	500.0	1.9003570443737805	0.015187274194870528	0.0	1.0
332	0.00014397624075211917	30.549662717263622	1.7167434820209588	200.0	0.01	0.002	4.201485230426759	3.2440402983513326	0.17874068447779198	500.0	5.442265219172208	0.015187274194870528	1.0	1.0
333	0.00014397624075211917	50.380023770150565	1.7167434820209588	200.0	0.01	0.002	4.201485230426759	3.2440402983513326	0.17874068447779198	500.0	5.442265219172208	0.015187274194870528	1.0	1.0
334	0.00014397624075211917	60.59853781329996	1.7167434820209588	200.0	0.01	0.002	4.201485230426759	3.2440402983513326	0.17874068447779198	500.0	5.442265219172208	0.015187274194870528	1.0	1.0
335	0.00014397624075211917	71.93143575210684	1.7167434820209588	200.0	0.01	0.002	4.201485230426759	3.2440402983513326	0.17874068447779198	500.0	5.442265219172208	0.015187274194870528	1.0	1.0
336	0.00014397624075211917	74.36673026042722	1.7167434820209588	200.0	0.01	0.002	4.201485230426759	3.2440402983513326	0.17874068447779198	500.0	5.442265219172208	0.015187274194870528	1.0	1.0
337	0.00014397624075211917	77.5102893862237	1.7167434820209588	200.0	0.01	0.002	4.201485230426759	3.2440402983513326	0.17874068447779198	500.0	5.442265219172208	0.015187274194870528	1.0	1.0
338	0.00013250987470912073	7.223654787813233	0.7852976206468583	200.0	0.01	0.002	9.972540734940784	8.399857837811428	0.33377119484906065	500.0	4.140694372426178	0.0199846588484741	0.0	0.0
339	0.00013250987470912073	7.798924177765641	0.7852976206468583	200.0	0.01	0.002	9.972540734940784	8.399857837811428	0.33377119484906065	500.0	4.140694372426178	0.0199846588484741	0.0	0.0
340	0.00013250987470912073	8.200380847048462	0.7852976206468583	200.0	0.01	0.002	9.972540734940784	8.399857837811428	0.33377119484906065	500.0	4.140694372426178	0.0199846588484741	0.0	0.0
341	0.00013250987470912073	8.69466188434954	0.7852976206468583	200.0	0.01	0.002	9.972540734940784	8.399857837811428	0.33377119484906065	500.0	4.140694372426178	0.0199846588484741	0.0	0.0
342	0.00013250987470912073	8.96791915194019	0.7852976206468583	200.0	0.01	0.002	9.972540734940784	8.399857837811428	0.33377119484906065	500.0	4.140694372426178	0.0199846588484741	0.0	0.0
343	0.00013250987470912073	10.448903278206183	0.7852976206468583	200.0	0.01	0.002	9.972540734940784	8.399857837811428	0.33377119484906065	500.0	4.140694372426178	0.0199846588484741	0.0	0.0
344	0.00013250987470912073	13.647212517198964	0.7852976206468583	200.0	0.01	0.002	9.972540734940784	8.399857837811428	0.33377119484906065	500.0	4.140694372426178	0.0199846588484741	0.0	0.0
345	0.00044325198775167123	14.40723419230236	6.561565376532942	200.0	0.01	0.002	4.58230438517752	2.728729673586847	0.8067002563887169	500.0	2.5073713179796586	0.007286809919624974	1.0	0.0
346	0.00044325198775167123	30.297973174770597	6.561565376532942	200.0	0.01	0.002	4.58230438517752	2.728729673586847	0.8067002563887169	500.0	2.5073713179796586	0.007286809919624974	1.0	0.0
347	0.00044325198775167123	37.00783616898212	6.561565376532942	200.0	0.01	0.002	4.58230438517752	2.728729673586847	0.8067002563887169	500.0	2.5073713179796586	0.007286809919624974	1.0	0.0
348	0.00044325198775167123	42.51592179615114	6.561565376532942	200.0	0.01	0.002	4.58230438517752	2.728729673586847	0.8067002563887169	500.0	2.5073713179796586	0.007286809919624974	1.0	0.0
349	0.00044325198775167123	44.83909105483611	6.561565376532942	200.0	0.01	0.002	4.58230438517752	2.728729673586847	0.8067002563887169	500.0	2.5073713179796586	0.007286809919624974	1.0	0.0
350	0.00044325198775167123	48.24001298218932	6.561565376532942	200.0	0.01	0.002	4.58230438517752	2.728729673586847	0.8067002563887169	500.0	2.5073713179796586	0.007286809919624974	1.0	0.0
351	0.00014397624075211917	13.473414232329256	1.7167434820209588	200.0	0.01	0.002	4.201485230426759	3.2440402983513326	0.17874068447779198	500.0	1.9003570443737805	0.015187274194870528	0.0	1.0
352	0.00014397624075211917	14.265863567904153	1.7167434820209588	200.0	0.01	0.002	4.201485230426759	3.2440402983513326	0.17874068447779198	500.0	1.9003570443737805	0.015187274194870528	0.0	1.0
353	0.00014397624075211917	14.561751812809668	1.7167434820209588	200.0	0.01	0.002	4.201485230426759	3.2440402983513326	0.17874068447779198	500.0	1.9003570443737805	0.015187274194870528	0.0	1.0
354	0.00014397624075211917	14.99574844845746	1.7167434820209588	200.0	0.01	0.002	4.201485230426759	3.2440402983513326	0.17874068447779198	500.0	1.9003570443737805	0.015187274194870528	0.0	1.0
355	0.00014397624075211917	15.213529819035267	1.7167434820209588	200.0	0.01	0.002	4.201485230426759	3.2440402983513326	0.17874068447779198	500.0	1.9003570443737805	0.015187274194870528	0.0	1.0
356	0.00014397624075211917	17.246075018100672	1.7167434820209588	200.0	0.01	0.002	4.201485230426759	3.2440402983513326	0.17874068447779198	500.0	1.9003570443737805	0.015187274194870528	0.0	1.0
357	0.00014397624075211917	23.182574542522925	1.7167434820209588	200.0	0.01	0.002	4.201485230426759	3.2440402983513326	0.17874068447779198	500.0	1.9003570443737805	0.015187274194870528	0.0	1.0
358	0.00014397624075211917	30.549662717263622	1.7167434820209588	200.0	0.01	0.002	4.201485230426759	3.2440402983513326	0.17874068447779198	500.0	5.442265219172208	0.015187274194870528	1.0	1.0
359	0.00014397624075211917	50.380023770150565	1.7167434820209588	200.0	0.01	0.002	4.201485230426759	3.2440402983513326	0.17874068447779198	500.0	5.442265219172208	0.015187274194870528	1.0	1.0
360	0.00014397624075211917	60.59853781329996	1.7167434820209588	200.0	0.01	0.002	4.201485230426759	3.2440402983513326	0.17874068447779198	500.0	5.442265219172208	0.015187274194870528	1.0	1.0
361	0.00014397624075211917	71.93143575210684	1.7167434820209588	200.0	0.01	0.002	4.201485230426759	3.2440402983513326	0.17874068447779198	500.0	5.442265219172208	0.015187274194870528	1.0	1.0
362	0.00014397624075211917	74.36673026042722	1.7167434820209588	200.0	0.01	0.002	4.201485230426759	3.2440402983513326	0.17874068447779198	500.0	5.442265219172208	0.015187274194870528	1.0	1.0
363	0.00014397624075211917	77.5102893862237	1.7167434820209588	200.0	0.01	0.002	4.201485230426759	3.2440402983513326	0.17874068447779198	500.0	5.442265219172208	0.015187274194870528	1.0	1.0
364	0.00013250987470912073	7.223654787813233	0.7852976206468583	200.0	0.01	0.002	9.972540734940784	8.399857837811428	0.33377119484906065	500.0	4.140694372426178	0.0199846588484741	0.0	0.0
365	0.00013250987470912073	7.798924177765641	0.7852976206468583	200.0	0.01	0.002	9.972540734940784	8.399857837811428	0.33377119484906065	500.0	4.140694372426178	0.0199846588484741	0.0	0.0
366	0.00013250987470912073	8.200380847048462	0.7852976206468583	200.0	0.01	0.002	9.972540734940784	8.399857837811428	0.33377119484906065	500.0	4.140694372426178	0.0199846588484741	0.0	0.0
367	0.00013250987470912073	8.69466188434954	0.7852976206468583	200.0	0.01	0.002	9.972540734940784	8.399857837811428	0.33377119484906065	500.0	4.140694372426178	0.0199846588484741	0.0	0.0
368	0.00013250987470912073	8.96791915194019	0.7852976206468583	200.0	0.01	0.002	9.972540734940784	8.399857837811428	0.33377119484906065	500.0	4.140694372426178	0.0199846588484741	0.0	0.0
369	0.00013250987470912073	10.448903278206183	0.7852976206468583	200.0	0.01	0.002	9.972540734940784	8.399857837811428	0.33377119484906065	500.0	4.140694372426178	0.0199846588484741	0.0	0.0
370	0.00013250987470912073	13.647212517198964	0.7852976206468583	200.0	0.01	0.002	9.972540734940784	8.399857837811428	0.33377119484906065	500.0	4.140694372426178	0.0199846588484741	0.0	0.0
371	0.00044325198775167123	14.40723419230236	6.561565376532942	200.0	0.01	0.002	4.58230438517752	2.728729673586847	0.8067002563887169	500.0	2.5073713179796586	0.007286809919624974	1.0	0.0
372	0.00044325198775167123	30.297973174770597	6.561565376532942	200.0	0.01	0.002	4.58230438517752	2.728729673586847	0.8067002563887169	500.0	2.5073713179796586	0.007286809919624974	1.0	0.0
373	0.00044325198775167123	37.00783616898212	6.561565376532942	200.0	0.01	0.002	4.58230438517752	2.728729673586847	0.8067002563887169	500.0	2.5073713179796586	0.007286809919624974	1.0	0.0
374	0.00044325198775167123	42.51592179615114	6.561565376532942	200.0	0.01	0.002	4.58230438517752	2.728729673586847	0.8067002563887169	500.0	2.5073713179796586	0.007286809919624974	1.0	0.0
375	0.00044325198775167123	44.83909105483611	6.561565376532942	200.0	0.01	0.002	4.58230438517752	2.728729673586847	0.8067002563887169	500.0	2.5073713179796586	0.007286809919624974	1.0	0.0
376	0.00044325198775167123	48.24001298218932	6.561565376532942	200.0	0.01	0.002	4.58230438517752	2.728729673586847	0.8067002563887169	500.0	2.5073713179796586	0.007286809919624974	1.0	0.0
377	0.00014397624075211917	13.473414232329256	1.7167434820209588	200.0	0.01	0.002	4.201485230426759	3.2440402983513326	0.17874068447779198	500.0	1.9003570443737805	0.015187274194870528	0.0	1.0
378	0.00014397624075211917	14.265863567904153	1.7167434820209588	200.0	0.01	0.002	4.201485230426759	3.2440402983513326	0.17874068447779198	500.0	1.9003570443737805	0.015187274194870528	0.0	1.0
379	0.00014397624075211917	14.561751812809668	1.7167434820209588	200.0	0.01	0.002	4.201485230426759	3.2440402983513326	0.17874068447779198	500.0	1.9003570443737805	0.015187274194870528	0.0	1.0
380	0.00014397624075211917	14.99574844845746	1.7167434820209588	200.0	0.01	0.002	4.201485230426759	3.2440402983513326	0.17874068447779198	500.0	1.9003570443737805	0.015187274194870528	0.0	1.0
381	0.00014397624075211917	15.213529819035267	1.7167434820209588	200.0	0.01	0.002	4.201485230426759	3.2440402983513326	0.17874068447779198	500.0	1.9003570443737805	0.015187274194870528	0.0	1.0
382	0.00014397624075211917	17.246075018100672	1.7167434820209588	200.0	0.01	0.002	4.201485230426759	3.2440402983513326	0.17874068447779198	500.0	1.9003570443737805	0.015187274194870528	0.0	1.0
383	0.00014397624075211917	23.182574542522925	1.7167434820209588	200.0	0.01	0.002	4.201485230426759	3.2440402983513326	0.17874068447779198	500.0	1.9003570443737805	0.015187274194870528	0.0	1.0
384	0.00014397624075211917	30.549662717263622	1.7167434820209588	200.0	0.01	0.002	4.201485230426759	3.2440402983513326	0.17874068447779198	500.0	5.442265219172208	0.015187274194870528	1.0	1.0
385	0.00014397624075211917	50.380023770150565	1.7167434820209588	200.0	0.01	0.002	4.201485230426759	3.2440402983513326	0.17874068447779198	500.0	5.442265219172208	0.015187274194870528	1.0	1.0
386	0.00014397624075211917	60.59853781329996	1.7167434820209588	200.0	0.01	0.002	4.201485230426759	3.2440402983513326	0.17874068447779198	500.0	5.442265219172208	0.015187274194870528	1.0	1.0
387	0.00014397624075211917	71.93143575210684	1.7167434820209588	200.0	0.01	0.002	4.201485230426759	3.2440402983513326	0.17874068447779198	500.0	5.442265219172208	0.015187274194870528	1.0	1.0
388	0.00014397624075211917	74.36673026042722	1.7167434820209588	200.0	0.01	0.002	4.201485230426759	3.2440402983513326	0.17874068447779198	500.0	5.442265219172208	0.015187274194870528	1.0	1.0
389	0.00014397624075211917	77.5102893862237	1.7167434820209588	200.0	0.01	0.002	4.201485230426759	3.2440402983513326	0.17874068447779198	500.0	5.442265219172208	0.015187274194870528	1.0	1.0
390	0.00013250987470912073	7.223654787813233	0.7852976206468583	200.0	0.01	0.002	9.972540734940784	8.399857837811428	0.33377119484906065	500.0	4.140694372426178	0.0199846588484741	0.0	0.0
391	0.00013250987470912073	7.798924177765641	0.7852976206468583	200.0	0.01	0.002	9.972540734940784	8.399857837811428	0.33377119484906065	500.0	4.140694372426178	0.0199846588484741	0.0	0.0
392	0.00013250987470912073	8.200380847048462	0.7852976206468583	200.0	0.01	0.002	9.972540734940784	8.399857837811428	0.33377119484906065	500.0	4.140694372426178	0.0199846588484741	0.0	0.0
393	0.00013250987470912073	8.69466188434954	0.7852976206468583	200.0	0.01	0.002	9.972540734940784	8.399857837811428	0.33377119484906065	500.0	4.140694372426178	0.0199846588484741	0.0	0.0
394	0.00013250987470912073	8.96791915194019	0.7852976206468583	200.0	0.01	0.002	9.972540734940784	8.399857837811428	0.33377119484906065	500.0	4.140694372426178	0.0199846588484741	0.0	0.0
395	0.00013250987470912073	10.448903278206183	0.7852976206468583	200.0	0.01	0.002	9.972540734940784	8.399857837811428	0.33377119484906065	500.0	4.140694372426178	0.0199846588484741	0.0	0.0
396	0.00013250987470912073	13.647212517198964	0.7852976206468583	200.0	0.01	0.002	9.972540734940784	8.399857837811428	0.33377119484906065	500.0	4.140694372426178	0.0199846588484741	0.0	0.0
397	0.00044325198775167123	14.40723419230236	6.561565376532942	200.0	0.01	0.002	4.58230438517752	2.728729673586847	0.8067002563887169	500.0	2.5073713179796586	0.007286809919624974	1.0	0.0
398	0.00044325198775167123	30.297973174770597	6.561565376532942	200.0	0.01	0.002	4.58230438517752	2.728729673586847	0.8067002563887169	500.0	2.5073713179796586	0.007286809919624974	1.0	0.0
399	0.00044325198775167123	37.00783616898212	6.561565376532942	200.0	0.01	0.002	4.58230438517752	2.728729673586847	0.8067002563887169	500.0	2.5073713179796586	0.007286809919624974	1.0	0.0
400	0.00044325198775167123	42.51592179615114	6.561565376532942	200.0	0.01	0.002	4.58230438517752	2.728729673586847	0.8067002563887169	500.0	2.5073713179796586	0.007286809919624974	1.0	0.0
401	0.00044325198775167123	44.83909105483611	6.561565376532942	200.0	0.01	0.002	4.58230438517752	2.728729673586847	0.8067002563887169	500.0	2.5073713179796586	0.007286809919624974	1.0	0.0
402	0.00044325198775167123	48.24001298218932	6.561565376532942	200.0	0.01	0.002	4.58230438517752	2.728729673586847	0.8067002563887169	500.0	2.5073713179796586	0.007286809919624974	1.0	0.0
403	0.00014397624075211917	13.473414232329256	1.7167434820209588	200.0	0.01	0.002	4.201485230426759	3.2440402983513326	0.17874068447779198	500.0	1.9003570443737805	0.015187274194870528	0.0	1.0
404	0.00014397624075211917	14.265863567904153	1.7167434820209588	200.0	0.01	0.002	4.201485230426759	3.2440402983513326	0.17874068447779198	500.0	1.9003570443737805	0.015187274194870528	0.0	1.0
405	0.00014397624075211917	14.561751812809668	1.7167434820209588	200.0	0.01	0.002	4.201485230426759	3.2440402983513326	0.17874068447779198	500.0	1.9003570443737805	0.015187274194870528	0.0	1.0
406	0.00014397624075211917	14.99574844845746	1.7167434820209588	200.0	0.01	0.002	4.201485230426759	3.2440402983513326	0.17874068447779198	500.0	1.9003570443737805	0.015187274194870528	0.0	1.0
407	0.00014397624075211917	15.213529819035267	1.7167434820209588	200.0	0.01	0.002	4.201485230426759	3.2440402983513326	0.17874068447779198	500.0	1.9003570443737805	0.015187274194870528	0.0	1.0
408	0.00014397624075211917	17.246075018100672	1.7167434820209588	200.0	0.01	0.002	4.201485230426759	3.2440402983513326	0.17874068447779198	500.0	1.9003570443737805	0.015187274194870528	0.0	1.0
409	0.00014397624075211917	23.182574542522925	1.7167434820209588	200.0	0.01	0.002	4.201485230426759	3.2440402983513326	0.17874068447779198	500.0	1.9003570443737805	0.015187274194870528	0.0	1.0
410	0.00014397624075211917	30.549662717263622	1.7167434820209588	200.0	0.01	0.002	4.201485230426759	3.2440402983513326	0.17874068447779198	500.0	5.442265219172208	0.015187274194870528	1.0	1.0
411	0.00014397624075211917	50.380023770150565	1.7167434820209588	200.0	0.01	0.002	4.201485230426759	3.2440402983513326	0.17874068447779198	500.0	5.442265219172208	0.015187274194870528	1.0	1.0
412	0.00014397624075211917	60.59853781329996	1.7167434820209588	200.0	0.01	0.002	4.201485230426759	3.2440402983513326	0.17874068447779198	500.0	5.442265219172208	0.015187274194870528	1.0	1.0
413	0.00014397624075211917	71.93143575210684	1.7167434820209588	200.0	0.01	0.002	4.201485230426759	3.2440402983513326	0.17874068447779198	500.0	5.442265219172208	0.015187274194870528	1.0	1.0
414	0.00014397624075211917	74.36673026042722	1.7167434820209588	200.0	0.01	0.002	4.201485230426759	3.2440402983513326	0.17874068447779198	500.0	5.442265219172208	0.015187274194870528	1.0	1.0
415	0.00014397624075211917	77.5102893862237	1.7167434820209588	200.0	0.01	0.002	4.201485230426759	3.2440402983513326	0.17874068447779198	500.0	5.442265219172208	0.015187274194870528	1.0	1.0
416	0.00013250987470912073	7.223654787813233	0.7852976206468583	200.0	0.01	0.002	9.972540734940784	8.399857837811428	0.33377119484906065	500.0	4.140694372426178	0.0199846588484741	0.0	0.0
417	0.00013250987470912073	7.798924177765641	0.7852976206468583	200.0	0.01	0.002	9.972540734940784	8.399857837811428	0.33377119484906065	500.0	4.140694372426178	0.0199846588484741	0.0	0.0
418	0.00013250987470912073	8.200380847048462	0.7852976206468583	200.0	0.01	0.002	9.972540734940784	8.399857837811428	0.33377119484906065	500.0	4.140694372426178	0.0199846588484741	0.0	0.0
419	0.00013250987470912073	8.69466188434954	0.7852976206468583	200.0	0.01	0.002	9.972540734940784	8.399857837811428	0.33377119484906065	500.0	4.140694372426178	0.0199846588484741	0.0	0.0
420	0.00013250987470912073	8.96791915194019	0.7852976206468583	200.0	0.01	0.002	9.972540734940784	8.399857837811428	0.33377119484906065	500.0	4.140694372426178	0.0199846588484741	0.0	0.0
421	0.00013250987470912073	10.448903278206183	0.7852976206468583	200.0	0.01	0.002	9.972540734940784	8.399857837811428	0.33377119484906065	500.0	4.140694372426178	0.0199846588484741	0.0	0.0
422	0.00013250987470912073	13.647212517198964	0.7852976206468583	200.0	0.01	0.002	9.972540734940784	8.399857837811428	0.33377119484906065	500.0	4.140694372426178	0.0199846588484741	0.0	0.0
423	0.00044325198775167123	14.40723419230236	6.561565376532942	200.0	0.01	0.002	4.58230438517752	2.728729673586847	0.8067002563887169	500.0	2.5073713179796586	0.007286809919624974	1.0	0.0
424	0.00044325198775167123	30.297973174770597	6.561565376532942	200.0	0.01	0.002	4.58230438517752	2.728729673586847	0.8067002563887169	500.0	2.5073713179796586	0.007286809919624974	1.0	0.0
425	0.00044325198775167123	37.00783616898212	6.561565376532942	200.0	0.01	0.002	4.58230438517752	2.728729673586847	0.8067002563887169	500.0	2.5073713179796586	0.007286809919624974	1.0	0.0
426	0.00044325198775167123	42.51592179615114	6.561565376532942	200.0	0.01	0.002	4.58230438517752	2.728729673586847	0.8067002563887169	500.0	2.5073713179796586	0.007286809919624974	1.0	0.0
427	0.00044325198775167123	44.83909105483611	6.561565376532942	200.0	0.01	0.002	4.58230438517752	2.728729673586847	0.8067002563887169	500.0	2.5073713179796586	0.007286809919624974	1.0	0.0
428	0.00044325198775167123	48.24001298218932	6.561565376532942	200.0	0.01	0.002	4.58230438517752	2.728729673586847	0.8067002563887169	500.0	2.5073713179796586	0.007286809919624974	1.0	0.0
429	0.00014397624075211917	13.473414232329256	1.7167434820209588	200.0	0.01	0.002	4.201485230426759	3.2440402983513326	0.17874068447779198	500.0	1.9003570443737805	0.015187274194870528	0.0	1.0
430	0.00014397624075211917	14.265863567904153	1.7167434820209588	200.0	0.01	0.002	4.201485230426759	3.2440402983513326	0.17874068447779198	500.0	1.9003570443737805	0.015187274194870528	0.0	1.0
431	0.00014397624075211917	14.561751812809668	1.7167434820209588	200.0	0.01	0.002	4.201485230426759	3.2440402983513326	0.17874068447779198	500.0	1.9003570443737805	0.015187274194870528	0.0	1.0
432	0.00014397624075211917	14.99574844845746	1.7167434820209588	200.0	0.01	0.002	4.201485230426759	3.2440402983513326	0.17874068447779198	500.0	1.9003570443737805	0.015187274194870528	0.0	1.0
433	0.00014397624075211917	15.213529819035267	1.7167434820209588	200.0	0.01	0.002	4.201485230426759	3.2440402983513326	0.17874068447779198	500.0	1.9003570443737805	0.015187274194870528	0.0	1.0
434	0.00014397624075211917	17.246075018100672	1.7167434820209588	200.0	0.01	0.002	4.201485230426759	3.2440402983513326	0.17874068447779198	500.0	1.9003570443737805	0.015187274194870528	0.0	1.0
435	0.00014397624075211917	23.182574542522925	1.7167434820209588	200.0	0.01	0.002	4.201485230426759	3.2440402983513326	0.17874068447779198	500.0	1.9003570443737805	0.015187274194870528	0.0	1.0
436	0.00014397624075211917	30.549662717263622	1.7167434820209588	200.0	0.01	0.002	4.201485230426759	3.2440402983513326	0.17874068447779198	500.0	5.442265219172208	0.015187274194870528	1.0	1.0
437	0.00014397624075211917	50.380023770150565	1.7167434820209588	200.0	0.01	0.002	4.201485230426759	3.2440402983513326	0.17874068447779198	500.0	5.442265219172208	0.015187274194870528	1.0	1.0
438	0.00014397624075211917	60.59853781329996	1.7167434820209588	200.0	0.01	0.002	4.201485230426759	3.2440402983513326	0.17874068447779198	500.0	5.442265219172208	0.015187274194870528	1.0	1.0
439	0.00014397624075211917	71.93143575210684	1.7167434820209588	200.0	0.01	0.002	4.201485230426759	3.2440402983513326	0.17874068447779198	500.0	5.442265219172208	0.015187274194870528	1.0	1.0
440	0.00014397624075211917	74.36673026042722	1.7167434820209588	200.0	0.01	0.002	4.201485230426759	3.2440402983513326	0.17874068447779198	500.0	5.442265219172208	0.015187274194870528	1.0	1.0
441	0.00014397624075211917	77.5102893862237	1.7167434820209588	200.0	0.01	0.002	4.201485230426759	3.2440402983513326	0.17874068447779198	500.0	5.442265219172208	0.015187274194870528	1.0	1.0
442	0.00013250987470912073	7.223654787813233	0.7852976206468583	200.0	0.01	0.002	9.972540734940784	8.399857837811428	0.33377119484906065	500.0	4.140694372426178	0.0199846588484741	0.0	0.0
443	0.00013250987470912073	7.798924177765641	0.7852976206468583	200.0	0.01	0.002	9.972540734940784	8.399857837811428	0.33377119484906065	500.0	4.140694372426178	0.0199846588484741	0.0	0.0
444	0.00013250987470912073	8.200380847048462	0.7852976206468583	200.0	0.01	0.002	9.972540734940784	8.399857837811428	0.33377119484906065	500.0	4.140694372426178	0.0199846588484741	0.0	0.0
445	0.00013250987470912073	8.69466188434954	0.7852976206468583	200.0	0.01	0.002	9.972540734940784	8.399857837811428	0.33377119484906065	500.0	4.140694372426178	0.0199846588484741	0.0	0.0
446	0.00013250987470912073	8.96791915194019	0.7852976206468583	200.0	0.01	0.002	9.972540734940784	8.399857837811428	0.33377119484906065	500.0	4.140694372426178	0.0199846588484741	0.0	0.0
447	0.00013250987470912073	10.448903278206183	0.7852976206468583	200.0	0.01	0.002	9.972540734940784	8.399857837811428	0.33377119484906065	500.0	4.140694372426178	0.0199846588484741	0.0	0.0
448	0.00013250987470912073	13.647212517198964	0.7852976206468583	200.0	0.01	0.002	9.972540734940784	8.399857837811428	0.33377119484906065	500.0	4.140694372426178	0.0199846588484741	0.0	0.0
449	0.00044325198775167123	14.40723419230236	6.561565376532942	200.0	0.01	0.002	4.58230438517752	2.728729673586847	0.8067002563887169	500.0	2.5073713179796586	0.007286809919624974	1.0	0.0
450	0.00044325198775167123	30.297973174770597	6.561565376532942	200.0	0.01	0.002	4.58230438517752	2.728729673586847	0.8067002563887169	500.0	2.5073713179796586	0.007286809919624974	1.0	0.0
451	0.00044325198775167123	37.00783616898212	6.561565376532942	200.0	0.01	0.002	4.58230438517752	2.728729673586847	0.8067002563887169	500.0	2.5073713179796586	0.007286809919624974	1.0	0.0
452	0.00044325198775167123	42.51592179615114	6.561565376532942	200.0	0.01	0.002	4.58230438517752	2.728729673586847	0.8067002563887169	500.0	2.5073713179796586	0.007286809919624974	1.0	0.0
453	0.00044325198775167123	44.83909105483611	6.561565376532942	200.0	0.01	0.002	4.58230438517752	2.728729673586847	0.8067002563887169	500.0	2.5073713179796586	0.007286809919624974	1.0	0.0
454	0.00044325198775167123	48.24001298218932	6.561565376532942	200.0	0.01	0.002	4.58230438517752	2.728729673586847	0.8067002563887169	500.0	2.5073713179796586	0.007286809919624974	1.0	0.0
455	0.00014397624075211917	13.473414232329256	1.7167434820209588	200.0	0.01	0.002	4.201485230426759	3.2440402983513326	0.17874068447779198	500.0	1.9003570443737805	0.015187274194870528	0.0	1.0
456	0.00014397624075211917	14.265863567904153	1.7167434820209588	200.0	0.01	0.002	4.201485230426759	3.2440402983513326	0.17874068447779198	500.0	1.9003570443737805	0.015187274194870528	0.0	1.0
457	0.00014397624075211917	14.561751812809668	1.7167434820209588	200.0	0.01	0.002	4.201485230426759	3.2440402983513326	0.17874068447779198	500.0	1.9003570443737805	0.015187274194870528	0.0	1.0
458	0.00014397624075211917	14.99574844845746	1.7167434820209588	200.0	0.01	0.002	4.201485230426759	3.2440402983513326	0.17874068447779198	500.0	1.9003570443737805	0.015187274194870528	0.0	1.0
459	0.00014397624075211917	15.213529819035267	1.7167434820209588	200.0	0.01	0.002	4.201485230426759	3.2440402983513326	0.17874068447779198	500.0	1.9003570443737805	0.015187274194870528	0.0	1.0
460	0.00014397624075211917	17.246075018100672	1.7167434820209588	200.0	0.01	0.002	4.201485230426759	3.2440402983513326	0.17874068447779198	500.0	1.9003570443737805	0.015187274194870528	0.0	1.0
461	0.00014397624075211917	23.182574542522925	1.7167434820209588	200.0	0.01	0.002	4.201485230426759	3.2440402983513326	0.17874068447779198	500.0	1.9003570443737805	0.015187274194870528	0.0	1.0
462	0.00014397624075211917	30.549662717263622	1.7167434820209588	200.0	0.01	0.002	4.201485230426759	3.2440402983513326	0.17874068447779198	500.0	5.442265219172208	0.015187274194870528	1.0	1.0
463	0.00014397624075211917	50.380023770150565	1.7167434820209588	200.0	0.01	0.002	4.201485230426759	3.2440402983513326	0.17874068447779198	500.0	5.442265219172208	0.015187274194870528	1.0	1.0
464	0.00014397624075211917	60.59853781329996	1.7167434820209588	200.0	0.01	0.002	4.201485230426759	3.2440402983513326	0.17874068447779198	500.0	5.442265219172208	0.015187274194870528	1.0	1.0
465	0.00014397624075211917	71.93143575210684	1.7167434820209588	200.0	0.01	0.002	4.201485230426759	3.2440402983513326	0.17874068447779198	500.0	5.442265219172208	0.015187274194870528	1.0	1.0
466	0.00014397624075211917	74.36673026042722	1.7167434820209588	200.0	0.01	0.002	4.201485230426759	3.2440402983513326	0.17874068447779198	500.0	5.442265219172208	0.015187274194870528	1.0	1.0
467	0.00014397624075211917	77.5102893862237	1.7167434820209588	200.0	0.01	0.002	4.201485230426759	3.2440402983513326	0.17874068447779198	500.0	5.442265219172208	0.015187274194870528	1.0	1.0
468	0.00013250987470912073	7.223654787813233	0.7852976206468583	200.0	0.01	0.002	9.972540734940784	8.399857837811428	0.33377119484906065	500.0	4.140694372426178	0.0199846588484741	0.0	0.0
469	0.00013250987470912073	7.798924177765641	0.7852976206468583	200.0	0.01	0.002	9.972540734940784	8.399857837811428	0.33377119484906065	500.0	4.140694372426178	0.0199846588484741	0.0	0.0
470	0.00013250987470912073	8.200380847048462	0.7852976206468583	200.0	0.01	0.002	9.972540734940784	8.399857837811428	0.33377119484906065	500.0	4.140694372426178	0.0199846588484741	0.0	0.0
471	0.00013250987470912073	8.69466188434954	0.7852976206468583	200.0	0.01	0.002	9.972540734940784	8.399857837811428	0.33377119484906065	500.0	4.140694372426178	0.0199846588484741	0.0	0.0
472	0.00013250987470912073	8.96791915194019	0.7852976206468583	200.0	0.01	0.002	9.972540734940784	8.399857837811428	0.33377119484906065	500.0	4.140694372426178	0.0199846588484741	0.0	0.0
473	0.00013250987470912073	10.448903278206183	0.7852976206468583	200.0	0.01	0.002	9.972540734940784	8.399857837811428	0.33377119484906065	500.0	4.140694372426178	0.0199846588484741	0.0	0.0
474	0.00013250987470912073	13.647212517198964	0.7852976206468583	200.0	0.01	0.002	9.972540734940784	8.399857837811428	0.33377119484906065	500.0	4.140694372426178	0.0199846588484741	0.0	0.0
475	0.00044325198775167123	14.40723419230236	6.561565376532942	200.0	0.01	0.002	4.58230438517752	2.728729673586847	0.8067002563887169	500.0	2.5073713179796586	0.007286809919624974	1.0	0.0
476	0.00044325198775167123	30.297973174770597	6.561565376532942	200.0	0.01	0.002	4.58230438517752	2.728729673586847	0.8067002563887169	500.0	2.5073713179796586	0.007286809919624974	1.0	0.0
477	0.00044325198775167123	37.00783616898212	6.561565376532942	200.0	0.01	0.002	4.58230438517752	2.728729673586847	0.8067002563887169	500.0	2.5073713179796586	0.007286809919624974	1.0	0.0
478	0.00044325198775167123	42.51592179615114	6.561565376532942	200.0	0.01	0.002	4.58230438517752	2.728729673586847	0.8067002563887169	500.0	2.5073713179796586	0.007286809919624974	1.0	0.0
479	0.00044325198775167123	44.83909105483611	6.561565376532942	200.0	0.01	0.002	4.58230438517752	2.728729673586847	0.8067002563887169	500.0	2.5073713179796586	0.007286809919624974	1.0	0.0
480	0.00044325198775167123	48.24001298218932	6.561565376532942	200.0	0.01	0.002	4.58230438517752	2.728729673586847	0.8067002563887169	500.0	2.5073713179796586	0.007286809919624974	1.0	0.0
481	0.00014397624075211917	13.473414232329256	1.7167434820209588	200.0	0.01	0.002	4.201485230426759	3.2440402983513326	0.17874068447779198	500.0	1.9003570443737805	0.015187274194870528	0.0	1.0
482	0.00014397624075211917	14.265863567904153	1.7167434820209588	200.0	0.01	0.002	4.201485230426759	3.2440402983513326	0.17874068447779198	500.0	1.9003570443737805	0.015187274194870528	0.0	1.0
483	0.00014397624075211917	14.561751812809668	1.7167434820209588	200.0	0.01	0.002	4.201485230426759	3.2440402983513326	0.17874068447779198	500.0	1.9003570443737805	0.015187274194870528	0.0	1.0
484	0.00014397624075211917	14.99574844845746	1.7167434820209588	200.0	0.01	0.002	4.201485230426759	3.2440402983513326	0.17874068447779198	500.0	1.9003570443737805	0.015187274194870528	0.0	1.0
485	0.00014397624075211917	15.213529819035267	1.7167434820209588	200.0	0.01	0.002	4.201485230426759	3.2440402983513326	0.17874068447779198	500.0	1.9003570443737805	0.015187274194870528	0.0	1.0
486	0.00014397624075211917	17.246075018100672	1.7167434820209588	200.0	0.01	0.002	4.201485230426759	3.2440402983513326	0.17874068447779198	500.0	1.9003570443737805	0.015187274194870528	0.0	1.0
487	0.00014397624075211917	23.182574542522925	1.7167434820209588	200.0	0.01	0.002	4.201485230426759	3.2440402983513326	0.17874068447779198	500.0	1.9003570443737805	0.015187274194870528	0.0	1.0
488	0.00014397624075211917	30.549662717263622	1.7167434820209588	200.0	0.01	0.002	4.201485230426759	3.2440402983513326	0.17874068447779198	500.0	5.442265219172208	0.015187274194870528	1.0	1.0
489	0.00014397624075211917	50.380023770150565	1.7167434820209588	200.0	0.01	0.002	4.201485230426759	3.2440402983513326	0.17874068447779198	500.0	5.442265219172208	0.015187274194870528	1.0	1.0
490	0.00014397624075211917	60.59853781329996	1.7167434820209588	200.0	0.01	0.002	4.201485230426759	3.2440402983513326	0.17874068447779198	500.0	5.442265219172208	0.015187274194870528	1.0	1.0
491	0.00014397624075211917	71.93143575210684	1.7167434820209588	200.0	0.01	0.002	4.201485230426759	3.2440402983513326	0.17874068447779198	500.0	5.442265219172208	0.015187274194870528	1.0	1.0
492	0.00014397624075211917	74.36673026042722	1.7167434820209588	200.0	0.01	0.002	4.201485230426759	3.2440402983513326	0.17874068447779198	500.0	5.442265219172208	0.015187274194870528	1.0	1.0
493	0.00014397624075211917	77.5102893862237	1.7167434820209588	200.0	0.01	0.002	4.201485230426759	3.2440402983513326	0.17874068447779198	500.0	5.442265219172208	0.015187274194870528	1.0	1.0
494	0.00013250987470912073	7.223654787813233	0.7852976206468583	200.0	0.01	0.002	9.972540734940784	8.399857837811428	0.33377119484906065	500.0	4.140694372426178	0.0199846588484741	0.0	0.0
495	0.00013250987470912073	7.798924177765641	0.7852976206468583	200.0	0.01	0.002	9.972540734940784	8.399857837811428	0.33377119484906065	500.0	4.140694372426178	0.0199846588484741	0.0	0.0
496	0.00013250987470912073	8.200380847048462	0.7852976206468583	200.0	0.01	0.002	9.972540734940784	8.399857837811428	0.33377119484906065	500.0	4.140694372426178	0.0199846588484741	0.0	0.0
497	0.00013250987470912073	8.69466188434954	0.7852976206468583	200.0	0.01	0.002	9.972540734940784	8.399857837811428	0.33377119484906065	500.0	4.140694372426178	0.0199846588484741	0.0	0.0
498	0.00013250987470912073	8.96791915194019	0.7852976206468583	200.0	0.01	0.002	9.972540734940784	8.399857837811428	0.33377119484906065	500.0	4.140694372426178	0.0199846588484741	0.0	0.0
499	0.00013250987470912073	10.448903278206183	0.7852976206468583	200.0	0.01	0.002	9.972540734940784	8.399857837811428	0.33377119484906065	500.0	4.140694372426178	0.0199846588484741	0.0	0.0
500	0.00013250987470912073	13.647212517198964	0.7852976206468583	200.0	0.01	0.002	9.972540734940784	8.399857837811428	0.33377119484906065	500.0	4.140694372426178	0.0199846588484741	0.0	0.0
501	0.00044325198775167123	14.40723419230236	6.561565376532942	200.0	0.01	0.002	4.58230438517752	2.728729673586847	0.8067002563887169	500.0	2.5073713179796586	0.007286809919624974	1.0	0.0
502	0.00044325198775167123	30.297973174770597	6.561565376532942	200.0	0.01	0.002	4.58230438517752	2.728729673586847	0.8067002563887169	500.0	2.5073713179796586	0.007286809919624974	1.0	0.0
503	0.00044325198775167123	37.00783616898212	6.561565376532942	200.0	0.01	0.002	4.58230438517752	2.728729673586847	0.8067002563887169	500.0	2.5073713179796586	0.007286809919624974	1.0	0.0
504	0.00044325198775167123	42.51592179615114	6.561565376532942	200.0	0.01	0.002	4.58230438517752	2.728729673586847	0.8067002563887169	500.0	2.5073713179796586	0.007286809919624974	1.0	0.0
505	0.00044325198775167123	44.83909105483611	6.561565376532942	200.0	0.01	0.002	4.58230438517752	2.728729673586847	0.8067002563887169	500.0	2.5073713179796586	0.007286809919624974	1.0	0.0
506	0.00044325198775167123	48.24001298218932	6.561565376532942	200.0	0.01	0.002	4.58230438517752	2.728729673586847	0.8067002563887169	500.0	2.5073713179796586	0.007286809919624974	1.0	0.0
507	0.00014397624075211917	13.473414232329256	1.7167434820209588	200.0	0.01	0.002	4.201485230426759	3.2440402983513326	0.17874068447779198	500.0	1.9003570443737805	0.015187274194870528	0.0	1.0
508	0.00014397624075211917	14.265863567904153	1.7167434820209588	200.0	0.01	0.002	4.201485230426759	3.2440402983513326	0.17874068447779198	500.0	1.9003570443737805	0.015187274194870528	0.0	1.0
509	0.00014397624075211917	14.561751812809668	1.7167434820209588	200.0	0.01	0.002	4.201485230426759	3.2440402983513326	0.17874068447779198	500.0	1.9003570443737805	0.015187274194870528	0.0	1.0
510	0.00014397624075211917	14.99574844845746	1.7167434820209588	200.0	0.01	0.002	4.201485230426759	3.2440402983513326	0.17874068447779198	500.0	1.9003570443737805	0.015187274194870528	0.0	1.0
511	0.00014397624075211917	15.213529819035267	1.7167434820209588	200.0	0.01	0.002	4.201485230426759	3.2440402983513326	0.17874068447779198	500.0	1.9003570443737805	0.015187274194870528	0.0	1.0
512	0.00014397624075211917	17.246075018100672	1.7167434820209588	200.0	0.01	0.002	4.201485230426759	3.2440402983513326	0.17874068447779198	500.0	1.9003570443737805	0.015187274194870528	0.0	1.0
513	0.00014397624075211917	23.182574542522925	1.7167434820209588	200.0	0.01	0.002	4.201485230426759	3.2440402983513326	0.17874068447779198	500.0	1.9003570443737805	0.015187274194870528	0.0	1.0
514	0.00014397624075211917	30.549662717263622	1.7167434820209588	200.0	0.01	0.002	4.201485230426759	3.2440402983513326	0.17874068447779198	500.0	5.442265219172208	0.015187274194870528	1.0	1.0
515	0.00014397624075211917	50.380023770150565	1.7167434820209588	200.0	0.01	0.002	4.201485230426759	3.2440402983513326	0.17874068447779198	500.0	5.442265219172208	0.015187274194870528	1.0	1.0
516	0.00014397624075211917	60.59853781329996	1.7167434820209588	200.0	0.01	0.002	4.201485230426759	3.2440402983513326	0.17874068447779198	500.0	5.442265219172208	0.015187274194870528	1.0	1.0
517	0.00014397624075211917	71.93143575210684	1.7167434820209588	200.0	0.01	0.002	4.201485230426759	3.2440402983513326	0.17874068447779198	500.0	5.442265219172208	0.015187274194870528	1.0	1.0
518	0.00014397624075211917	74.36673026042722	1.7167434820209588	200.0	0.01	0.002	4.201485230426759	3.2440402983513326	0.17874068447779198	500.0	5.442265219172208	0.015187274194870528	1.0	1.0
519	0.00014397624075211917	77.5102893862237	1.7167434820209588	200.0	0.01	0.002	4.201485230426759	3.2440402983513326	0.17874068447779198	500.0	5.442265219172208	0.015187274194870528	1.0	1.0
