	J	r_X	sigma_Lambda_over_Lambda	Tmax_over_tau_E	sigma_t	tau_rp	g_E	g_I	beta	K	ell	CV_K	idx_species	idx_combined
0	1.000000116544458e-05	30.234673456745977	1.0723069736234536	200.0	0.01	0.002	7.102008331742646	6.624827652754239	0.1270241171871309	500.0	3.2443498376573308	0.08908465946488932	0.0	0.0
1	1.000000116544458e-05	33.164448975997836	1.0723069736234536	200.0	0.01	0.002	7.102008331742646	6.624827652754239	0.1270241171871309	500.0	3.2443498376573308	0.08908465946488932	0.0	0.0
2	1.000000116544458e-05	35.384623493599214	1.0723069736234536	200.0	0.01	0.002	7.102008331742646	6.624827652754239	0.1270241171871309	500.0	3.2443498376573308	0.08908465946488932	0.0	0.0
3	1.000000116544458e-05	38.633660566122316	1.0723069736234536	200.0	0.01	0.002	7.102008331742646	6.624827652754239	0.1270241171871309	500.0	3.2443498376573308	0.08908465946488932	0.0	0.0
4	1.000000116544458e-05	39.97181469547503	1.0723069736234536	200.0	0.01	0.002	7.102008331742646	6.624827652754239	0.1270241171871309	500.0	3.2443498376573308	0.08908465946488932	0.0	0.0
5	1.000000116544458e-05	56.48612793256832	1.0723069736234536	200.0	0.01	0.002	7.102008331742646	6.624827652754239	0.1270241171871309	500.0	3.2443498376573308	0.08908465946488932	0.0	0.0
6	1.000000116544458e-05	70.75450097240197	1.0723069736234536	200.0	0.01	0.002	7.102008331742646	6.624827652754239	0.1270241171871309	500.0	3.2443498376573308	0.08908465946488932	0.0	0.0
7	0.00034292339158021646	17.668753891416262	1.6736530828779235	200.0	0.01	0.002	6.3004073381537555	2.0613399508755776	0.621021270134094	500.0	6.665971363754955	0.01047291413981408	1.0	0.0
8	0.00034292339158021646	32.88621914983468	1.6736530828779235	200.0	0.01	0.002	6.3004073381537555	2.0613399508755776	0.621021270134094	500.0	6.665971363754955	0.01047291413981408	1.0	0.0
9	0.00034292339158021646	38.916148438967355	1.6736530828779235	200.0	0.01	0.002	6.3004073381537555	2.0613399508755776	0.621021270134094	500.0	6.665971363754955	0.01047291413981408	1.0	0.0
10	0.00034292339158021646	44.73260634731122	1.6736530828779235	200.0	0.01	0.002	6.3004073381537555	2.0613399508755776	0.621021270134094	500.0	6.665971363754955	0.01047291413981408	1.0	0.0
11	0.00034292339158021646	47.0732884302353	1.6736530828779235	200.0	0.01	0.002	6.3004073381537555	2.0613399508755776	0.621021270134094	500.0	6.665971363754955	0.01047291413981408	1.0	0.0
12	0.00034292339158021646	50.52322037966226	1.6736530828779235	200.0	0.01	0.002	6.3004073381537555	2.0613399508755776	0.621021270134094	500.0	6.665971363754955	0.01047291413981408	1.0	0.0
13	0.00013026494559031425	13.31927114835645	1.9223717573789951	200.0	0.01	0.002	4.193646336216857	2.921547673876025	0.1360585138494172	500.0	1.6537154659094804	0.016753522781185606	0.0	1.0
14	0.00013026494559031425	14.48441128037652	1.9223717573789951	200.0	0.01	0.002	4.193646336216857	2.921547673876025	0.1360585138494172	500.0	1.6537154659094804	0.016753522781185606	0.0	1.0
15	0.00013026494559031425	14.647078139911251	1.9223717573789951	200.0	0.01	0.002	4.193646336216857	2.921547673876025	0.1360585138494172	500.0	1.6537154659094804	0.016753522781185606	0.0	1.0
16	0.00013026494559031425	15.261960826211007	1.9223717573789951	200.0	0.01	0.002	4.193646336216857	2.921547673876025	0.1360585138494172	500.0	1.6537154659094804	0.016753522781185606	0.0	1.0
17	0.00013026494559031425	15.52627433232052	1.9223717573789951	200.0	0.01	0.002	4.193646336216857	2.921547673876025	0.1360585138494172	500.0	1.6537154659094804	0.016753522781185606	0.0	1.0
18	0.00013026494559031425	18.007308528664677	1.9223717573789951	200.0	0.01	0.002	4.193646336216857	2.921547673876025	0.1360585138494172	500.0	1.6537154659094804	0.016753522781185606	0.0	1.0
19	0.00013026494559031425	23.912331023805454	1.9223717573789951	200.0	0.01	0.002	4.193646336216857	2.921547673876025	0.1360585138494172	500.0	1.6537154659094804	0.016753522781185606	0.0	1.0
20	0.00013026494559031425	30.380345203899104	1.9223717573789951	200.0	0.01	0.002	4.193646336216857	2.921547673876025	0.1360585138494172	500.0	4.7226088577898135	0.016753522781185606	1.0	1.0
21	0.00013026494559031425	52.330748615250265	1.9223717573789951	200.0	0.01	0.002	4.193646336216857	2.921547673876025	0.1360585138494172	500.0	4.7226088577898135	0.016753522781185606	1.0	1.0
22	0.00013026494559031425	61.6746717573527	1.9223717573789951	200.0	0.01	0.002	4.193646336216857	2.921547673876025	0.1360585138494172	500.0	4.7226088577898135	0.016753522781185606	1.0	1.0
23	0.00013026494559031425	72.26729501165805	1.9223717573789951	200.0	0.01	0.002	4.193646336216857	2.921547673876025	0.1360585138494172	500.0	4.7226088577898135	0.016753522781185606	1.0	1.0
24	0.00013026494559031425	75.22081622293734	1.9223717573789951	200.0	0.01	0.002	4.193646336216857	2.921547673876025	0.1360585138494172	500.0	4.7226088577898135	0.016753522781185606	1.0	1.0
25	0.00013026494559031425	78.72068411169188	1.9223717573789951	200.0	0.01	0.002	4.193646336216857	2.921547673876025	0.1360585138494172	500.0	4.7226088577898135	0.016753522781185606	1.0	1.0
26	1.000000116544458e-05	30.234673456745977	1.0723069736234536	200.0	0.01	0.002	7.102008331742646	6.624827652754239	0.1270241171871309	500.0	3.2443498376573308	0.08908465946488932	0.0	0.0
27	1.000000116544458e-05	33.164448975997836	1.0723069736234536	200.0	0.01	0.002	7.102008331742646	6.624827652754239	0.1270241171871309	500.0	3.2443498376573308	0.08908465946488932	0.0	0.0
28	1.000000116544458e-05	35.384623493599214	1.0723069736234536	200.0	0.01	0.002	7.102008331742646	6.624827652754239	0.1270241171871309	500.0	3.2443498376573308	0.08908465946488932	0.0	0.0
29	1.000000116544458e-05	38.633660566122316	1.0723069736234536	200.0	0.01	0.002	7.102008331742646	6.624827652754239	0.1270241171871309	500.0	3.2443498376573308	0.08908465946488932	0.0	0.0
30	1.000000116544458e-05	39.97181469547503	1.0723069736234536	200.0	0.01	0.002	7.102008331742646	6.624827652754239	0.1270241171871309	500.0	3.2443498376573308	0.08908465946488932	0.0	0.0
31	1.000000116544458e-05	56.48612793256832	1.0723069736234536	200.0	0.01	0.002	7.102008331742646	6.624827652754239	0.1270241171871309	500.0	3.2443498376573308	0.08908465946488932	0.0	0.0
32	1.000000116544458e-05	70.75450097240197	1.0723069736234536	200.0	0.01	0.002	7.102008331742646	6.624827652754239	0.1270241171871309	500.0	3.2443498376573308	0.08908465946488932	0.0	0.0
33	0.00034292339158021646	17.668753891416262	1.6736530828779235	200.0	0.01	0.002	6.3004073381537555	2.0613399508755776	0.621021270134094	500.0	6.665971363754955	0.01047291413981408	1.0	0.0
34	0.00034292339158021646	32.88621914983468	1.6736530828779235	200.0	0.01	0.002	6.3004073381537555	2.0613399508755776	0.621021270134094	500.0	6.665971363754955	0.01047291413981408	1.0	0.0
35	0.00034292339158021646	38.916148438967355	1.6736530828779235	200.0	0.01	0.002	6.3004073381537555	2.0613399508755776	0.621021270134094	500.0	6.665971363754955	0.01047291413981408	1.0	0.0
36	0.00034292339158021646	44.73260634731122	1.6736530828779235	200.0	0.01	0.002	6.3004073381537555	2.0613399508755776	0.621021270134094	500.0	6.665971363754955	0.01047291413981408	1.0	0.0
37	0.00034292339158021646	47.0732884302353	1.6736530828779235	200.0	0.01	0.002	6.3004073381537555	2.0613399508755776	0.621021270134094	500.0	6.665971363754955	0.01047291413981408	1.0	0.0
38	0.00034292339158021646	50.52322037966226	1.6736530828779235	200.0	0.01	0.002	6.3004073381537555	2.0613399508755776	0.621021270134094	500.0	6.665971363754955	0.01047291413981408	1.0	0.0
39	0.00013026494559031425	13.31927114835645	1.9223717573789951	200.0	0.01	0.002	4.193646336216857	2.921547673876025	0.1360585138494172	500.0	1.6537154659094804	0.016753522781185606	0.0	1.0
40	0.00013026494559031425	14.48441128037652	1.9223717573789951	200.0	0.01	0.002	4.193646336216857	2.921547673876025	0.1360585138494172	500.0	1.6537154659094804	0.016753522781185606	0.0	1.0
41	0.00013026494559031425	14.647078139911251	1.9223717573789951	200.0	0.01	0.002	4.193646336216857	2.921547673876025	0.1360585138494172	500.0	1.6537154659094804	0.016753522781185606	0.0	1.0
42	0.00013026494559031425	15.261960826211007	1.9223717573789951	200.0	0.01	0.002	4.193646336216857	2.921547673876025	0.1360585138494172	500.0	1.6537154659094804	0.016753522781185606	0.0	1.0
43	0.00013026494559031425	15.52627433232052	1.9223717573789951	200.0	0.01	0.002	4.193646336216857	2.921547673876025	0.1360585138494172	500.0	1.6537154659094804	0.016753522781185606	0.0	1.0
44	0.00013026494559031425	18.007308528664677	1.9223717573789951	200.0	0.01	0.002	4.193646336216857	2.921547673876025	0.1360585138494172	500.0	1.6537154659094804	0.016753522781185606	0.0	1.0
45	0.00013026494559031425	23.912331023805454	1.9223717573789951	200.0	0.01	0.002	4.193646336216857	2.921547673876025	0.1360585138494172	500.0	1.6537154659094804	0.016753522781185606	0.0	1.0
46	0.00013026494559031425	30.380345203899104	1.9223717573789951	200.0	0.01	0.002	4.193646336216857	2.921547673876025	0.1360585138494172	500.0	4.7226088577898135	0.016753522781185606	1.0	1.0
47	0.00013026494559031425	52.330748615250265	1.9223717573789951	200.0	0.01	0.002	4.193646336216857	2.921547673876025	0.1360585138494172	500.0	4.7226088577898135	0.016753522781185606	1.0	1.0
48	0.00013026494559031425	61.6746717573527	1.9223717573789951	200.0	0.01	0.002	4.193646336216857	2.921547673876025	0.1360585138494172	500.0	4.7226088577898135	0.016753522781185606	1.0	1.0
49	0.00013026494559031425	72.26729501165805	1.9223717573789951	200.0	0.01	0.002	4.193646336216857	2.921547673876025	0.1360585138494172	500.0	4.7226088577898135	0.016753522781185606	1.0	1.0
50	0.00013026494559031425	75.22081622293734	1.9223717573789951	200.0	0.01	0.002	4.193646336216857	2.921547673876025	0.1360585138494172	500.0	4.7226088577898135	0.016753522781185606	1.0	1.0
51	0.00013026494559031425	78.72068411169188	1.9223717573789951	200.0	0.01	0.002	4.193646336216857	2.921547673876025	0.1360585138494172	500.0	4.7226088577898135	0.016753522781185606	1.0	1.0
52	1.000000116544458e-05	30.234673456745977	1.0723069736234536	200.0	0.01	0.002	7.102008331742646	6.624827652754239	0.1270241171871309	500.0	3.2443498376573308	0.08908465946488932	0.0	0.0
53	1.000000116544458e-05	33.164448975997836	1.0723069736234536	200.0	0.01	0.002	7.102008331742646	6.624827652754239	0.1270241171871309	500.0	3.2443498376573308	0.08908465946488932	0.0	0.0
54	1.000000116544458e-05	35.384623493599214	1.0723069736234536	200.0	0.01	0.002	7.102008331742646	6.624827652754239	0.1270241171871309	500.0	3.2443498376573308	0.08908465946488932	0.0	0.0
55	1.000000116544458e-05	38.633660566122316	1.0723069736234536	200.0	0.01	0.002	7.102008331742646	6.624827652754239	0.1270241171871309	500.0	3.2443498376573308	0.08908465946488932	0.0	0.0
56	1.000000116544458e-05	39.97181469547503	1.0723069736234536	200.0	0.01	0.002	7.102008331742646	6.624827652754239	0.1270241171871309	500.0	3.2443498376573308	0.08908465946488932	0.0	0.0
57	1.000000116544458e-05	56.48612793256832	1.0723069736234536	200.0	0.01	0.002	7.102008331742646	6.624827652754239	0.1270241171871309	500.0	3.2443498376573308	0.08908465946488932	0.0	0.0
58	1.000000116544458e-05	70.75450097240197	1.0723069736234536	200.0	0.01	0.002	7.102008331742646	6.624827652754239	0.1270241171871309	500.0	3.2443498376573308	0.08908465946488932	0.0	0.0
59	0.00034292339158021646	17.668753891416262	1.6736530828779235	200.0	0.01	0.002	6.3004073381537555	2.0613399508755776	0.621021270134094	500.0	6.665971363754955	0.01047291413981408	1.0	0.0
60	0.00034292339158021646	32.88621914983468	1.6736530828779235	200.0	0.01	0.002	6.3004073381537555	2.0613399508755776	0.621021270134094	500.0	6.665971363754955	0.01047291413981408	1.0	0.0
61	0.00034292339158021646	38.916148438967355	1.6736530828779235	200.0	0.01	0.002	6.3004073381537555	2.0613399508755776	0.621021270134094	500.0	6.665971363754955	0.01047291413981408	1.0	0.0
62	0.00034292339158021646	44.73260634731122	1.6736530828779235	200.0	0.01	0.002	6.3004073381537555	2.0613399508755776	0.621021270134094	500.0	6.665971363754955	0.01047291413981408	1.0	0.0
63	0.00034292339158021646	47.0732884302353	1.6736530828779235	200.0	0.01	0.002	6.3004073381537555	2.0613399508755776	0.621021270134094	500.0	6.665971363754955	0.01047291413981408	1.0	0.0
64	0.00034292339158021646	50.52322037966226	1.6736530828779235	200.0	0.01	0.002	6.3004073381537555	2.0613399508755776	0.621021270134094	500.0	6.665971363754955	0.01047291413981408	1.0	0.0
65	0.00013026494559031425	13.31927114835645	1.9223717573789951	200.0	0.01	0.002	4.193646336216857	2.921547673876025	0.1360585138494172	500.0	1.6537154659094804	0.016753522781185606	0.0	1.0
66	0.00013026494559031425	14.48441128037652	1.9223717573789951	200.0	0.01	0.002	4.193646336216857	2.921547673876025	0.1360585138494172	500.0	1.6537154659094804	0.016753522781185606	0.0	1.0
67	0.00013026494559031425	14.647078139911251	1.9223717573789951	200.0	0.01	0.002	4.193646336216857	2.921547673876025	0.1360585138494172	500.0	1.6537154659094804	0.016753522781185606	0.0	1.0
68	0.00013026494559031425	15.261960826211007	1.9223717573789951	200.0	0.01	0.002	4.193646336216857	2.921547673876025	0.1360585138494172	500.0	1.6537154659094804	0.016753522781185606	0.0	1.0
69	0.00013026494559031425	15.52627433232052	1.9223717573789951	200.0	0.01	0.002	4.193646336216857	2.921547673876025	0.1360585138494172	500.0	1.6537154659094804	0.016753522781185606	0.0	1.0
70	0.00013026494559031425	18.007308528664677	1.9223717573789951	200.0	0.01	0.002	4.193646336216857	2.921547673876025	0.1360585138494172	500.0	1.6537154659094804	0.016753522781185606	0.0	1.0
71	0.00013026494559031425	23.912331023805454	1.9223717573789951	200.0	0.01	0.002	4.193646336216857	2.921547673876025	0.1360585138494172	500.0	1.6537154659094804	0.016753522781185606	0.0	1.0
72	0.00013026494559031425	30.380345203899104	1.9223717573789951	200.0	0.01	0.002	4.193646336216857	2.921547673876025	0.1360585138494172	500.0	4.7226088577898135	0.016753522781185606	1.0	1.0
73	0.00013026494559031425	52.330748615250265	1.9223717573789951	200.0	0.01	0.002	4.193646336216857	2.921547673876025	0.1360585138494172	500.0	4.7226088577898135	0.016753522781185606	1.0	1.0
74	0.00013026494559031425	61.6746717573527	1.9223717573789951	200.0	0.01	0.002	4.193646336216857	2.921547673876025	0.1360585138494172	500.0	4.7226088577898135	0.016753522781185606	1.0	1.0
75	0.00013026494559031425	72.26729501165805	1.9223717573789951	200.0	0.01	0.002	4.193646336216857	2.921547673876025	0.1360585138494172	500.0	4.7226088577898135	0.016753522781185606	1.0	1.0
76	0.00013026494559031425	75.22081622293734	1.9223717573789951	200.0	0.01	0.002	4.193646336216857	2.921547673876025	0.1360585138494172	500.0	4.7226088577898135	0.016753522781185606	1.0	1.0
77	0.00013026494559031425	78.72068411169188	1.9223717573789951	200.0	0.01	0.002	4.193646336216857	2.921547673876025	0.1360585138494172	500.0	4.7226088577898135	0.016753522781185606	1.0	1.0
78	1.000000116544458e-05	30.234673456745977	1.0723069736234536	200.0	0.01	0.002	7.102008331742646	6.624827652754239	0.1270241171871309	500.0	3.2443498376573308	0.08908465946488932	0.0	0.0
79	1.000000116544458e-05	33.164448975997836	1.0723069736234536	200.0	0.01	0.002	7.102008331742646	6.624827652754239	0.1270241171871309	500.0	3.2443498376573308	0.08908465946488932	0.0	0.0
80	1.000000116544458e-05	35.384623493599214	1.0723069736234536	200.0	0.01	0.002	7.102008331742646	6.624827652754239	0.1270241171871309	500.0	3.2443498376573308	0.08908465946488932	0.0	0.0
81	1.000000116544458e-05	38.633660566122316	1.0723069736234536	200.0	0.01	0.002	7.102008331742646	6.624827652754239	0.1270241171871309	500.0	3.2443498376573308	0.08908465946488932	0.0	0.0
82	1.000000116544458e-05	39.97181469547503	1.0723069736234536	200.0	0.01	0.002	7.102008331742646	6.624827652754239	0.1270241171871309	500.0	3.2443498376573308	0.08908465946488932	0.0	0.0
83	1.000000116544458e-05	56.48612793256832	1.0723069736234536	200.0	0.01	0.002	7.102008331742646	6.624827652754239	0.1270241171871309	500.0	3.2443498376573308	0.08908465946488932	0.0	0.0
84	1.000000116544458e-05	70.75450097240197	1.0723069736234536	200.0	0.01	0.002	7.102008331742646	6.624827652754239	0.1270241171871309	500.0	3.2443498376573308	0.08908465946488932	0.0	0.0
85	0.00034292339158021646	17.668753891416262	1.6736530828779235	200.0	0.01	0.002	6.3004073381537555	2.0613399508755776	0.621021270134094	500.0	6.665971363754955	0.01047291413981408	1.0	0.0
86	0.00034292339158021646	32.88621914983468	1.6736530828779235	200.0	0.01	0.002	6.3004073381537555	2.0613399508755776	0.621021270134094	500.0	6.665971363754955	0.01047291413981408	1.0	0.0
87	0.00034292339158021646	38.916148438967355	1.6736530828779235	200.0	0.01	0.002	6.3004073381537555	2.0613399508755776	0.621021270134094	500.0	6.665971363754955	0.01047291413981408	1.0	0.0
88	0.00034292339158021646	44.73260634731122	1.6736530828779235	200.0	0.01	0.002	6.3004073381537555	2.0613399508755776	0.621021270134094	500.0	6.665971363754955	0.01047291413981408	1.0	0.0
89	0.00034292339158021646	47.0732884302353	1.6736530828779235	200.0	0.01	0.002	6.3004073381537555	2.0613399508755776	0.621021270134094	500.0	6.665971363754955	0.01047291413981408	1.0	0.0
90	0.00034292339158021646	50.52322037966226	1.6736530828779235	200.0	0.01	0.002	6.3004073381537555	2.0613399508755776	0.621021270134094	500.0	6.665971363754955	0.01047291413981408	1.0	0.0
91	0.00013026494559031425	13.31927114835645	1.9223717573789951	200.0	0.01	0.002	4.193646336216857	2.921547673876025	0.1360585138494172	500.0	1.6537154659094804	0.016753522781185606	0.0	1.0
92	0.00013026494559031425	14.48441128037652	1.9223717573789951	200.0	0.01	0.002	4.193646336216857	2.921547673876025	0.1360585138494172	500.0	1.6537154659094804	0.016753522781185606	0.0	1.0
93	0.00013026494559031425	14.647078139911251	1.9223717573789951	200.0	0.01	0.002	4.193646336216857	2.921547673876025	0.1360585138494172	500.0	1.6537154659094804	0.016753522781185606	0.0	1.0
94	0.00013026494559031425	15.261960826211007	1.9223717573789951	200.0	0.01	0.002	4.193646336216857	2.921547673876025	0.1360585138494172	500.0	1.6537154659094804	0.016753522781185606	0.0	1.0
95	0.00013026494559031425	15.52627433232052	1.9223717573789951	200.0	0.01	0.002	4.193646336216857	2.921547673876025	0.1360585138494172	500.0	1.6537154659094804	0.016753522781185606	0.0	1.0
96	0.00013026494559031425	18.007308528664677	1.9223717573789951	200.0	0.01	0.002	4.193646336216857	2.921547673876025	0.1360585138494172	500.0	1.6537154659094804	0.016753522781185606	0.0	1.0
97	0.00013026494559031425	23.912331023805454	1.9223717573789951	200.0	0.01	0.002	4.193646336216857	2.921547673876025	0.1360585138494172	500.0	1.6537154659094804	0.016753522781185606	0.0	1.0
98	0.00013026494559031425	30.380345203899104	1.9223717573789951	200.0	0.01	0.002	4.193646336216857	2.921547673876025	0.1360585138494172	500.0	4.7226088577898135	0.016753522781185606	1.0	1.0
99	0.00013026494559031425	52.330748615250265	1.9223717573789951	200.0	0.01	0.002	4.193646336216857	2.921547673876025	0.1360585138494172	500.0	4.7226088577898135	0.016753522781185606	1.0	1.0
100	0.00013026494559031425	61.6746717573527	1.9223717573789951	200.0	0.01	0.002	4.193646336216857	2.921547673876025	0.1360585138494172	500.0	4.7226088577898135	0.016753522781185606	1.0	1.0
101	0.00013026494559031425	72.26729501165805	1.9223717573789951	200.0	0.01	0.002	4.193646336216857	2.921547673876025	0.1360585138494172	500.0	4.7226088577898135	0.016753522781185606	1.0	1.0
102	0.00013026494559031425	75.22081622293734	1.9223717573789951	200.0	0.01	0.002	4.193646336216857	2.921547673876025	0.1360585138494172	500.0	4.7226088577898135	0.016753522781185606	1.0	1.0
103	0.00013026494559031425	78.72068411169188	1.9223717573789951	200.0	0.01	0.002	4.193646336216857	2.921547673876025	0.1360585138494172	500.0	4.7226088577898135	0.016753522781185606	1.0	1.0
104	1.000000116544458e-05	30.234673456745977	1.0723069736234536	200.0	0.01	0.002	7.102008331742646	6.624827652754239	0.1270241171871309	500.0	3.2443498376573308	0.08908465946488932	0.0	0.0
105	1.000000116544458e-05	33.164448975997836	1.0723069736234536	200.0	0.01	0.002	7.102008331742646	6.624827652754239	0.1270241171871309	500.0	3.2443498376573308	0.08908465946488932	0.0	0.0
106	1.000000116544458e-05	35.384623493599214	1.0723069736234536	200.0	0.01	0.002	7.102008331742646	6.624827652754239	0.1270241171871309	500.0	3.2443498376573308	0.08908465946488932	0.0	0.0
107	1.000000116544458e-05	38.633660566122316	1.0723069736234536	200.0	0.01	0.002	7.102008331742646	6.624827652754239	0.1270241171871309	500.0	3.2443498376573308	0.08908465946488932	0.0	0.0
108	1.000000116544458e-05	39.97181469547503	1.0723069736234536	200.0	0.01	0.002	7.102008331742646	6.624827652754239	0.1270241171871309	500.0	3.2443498376573308	0.08908465946488932	0.0	0.0
109	1.000000116544458e-05	56.48612793256832	1.0723069736234536	200.0	0.01	0.002	7.102008331742646	6.624827652754239	0.1270241171871309	500.0	3.2443498376573308	0.08908465946488932	0.0	0.0
110	1.000000116544458e-05	70.75450097240197	1.0723069736234536	200.0	0.01	0.002	7.102008331742646	6.624827652754239	0.1270241171871309	500.0	3.2443498376573308	0.08908465946488932	0.0	0.0
111	0.00034292339158021646	17.668753891416262	1.6736530828779235	200.0	0.01	0.002	6.3004073381537555	2.0613399508755776	0.621021270134094	500.0	6.665971363754955	0.01047291413981408	1.0	0.0
112	0.00034292339158021646	32.88621914983468	1.6736530828779235	200.0	0.01	0.002	6.3004073381537555	2.0613399508755776	0.621021270134094	500.0	6.665971363754955	0.01047291413981408	1.0	0.0
113	0.00034292339158021646	38.916148438967355	1.6736530828779235	200.0	0.01	0.002	6.3004073381537555	2.0613399508755776	0.621021270134094	500.0	6.665971363754955	0.01047291413981408	1.0	0.0
114	0.00034292339158021646	44.73260634731122	1.6736530828779235	200.0	0.01	0.002	6.3004073381537555	2.0613399508755776	0.621021270134094	500.0	6.665971363754955	0.01047291413981408	1.0	0.0
115	0.00034292339158021646	47.0732884302353	1.6736530828779235	200.0	0.01	0.002	6.3004073381537555	2.0613399508755776	0.621021270134094	500.0	6.665971363754955	0.01047291413981408	1.0	0.0
116	0.00034292339158021646	50.52322037966226	1.6736530828779235	200.0	0.01	0.002	6.3004073381537555	2.0613399508755776	0.621021270134094	500.0	6.665971363754955	0.01047291413981408	1.0	0.0
117	0.00013026494559031425	13.31927114835645	1.9223717573789951	200.0	0.01	0.002	4.193646336216857	2.921547673876025	0.1360585138494172	500.0	1.6537154659094804	0.016753522781185606	0.0	1.0
118	0.00013026494559031425	14.48441128037652	1.9223717573789951	200.0	0.01	0.002	4.193646336216857	2.921547673876025	0.1360585138494172	500.0	1.6537154659094804	0.016753522781185606	0.0	1.0
119	0.00013026494559031425	14.647078139911251	1.9223717573789951	200.0	0.01	0.002	4.193646336216857	2.921547673876025	0.1360585138494172	500.0	1.6537154659094804	0.016753522781185606	0.0	1.0
120	0.00013026494559031425	15.261960826211007	1.9223717573789951	200.0	0.01	0.002	4.193646336216857	2.921547673876025	0.1360585138494172	500.0	1.6537154659094804	0.016753522781185606	0.0	1.0
121	0.00013026494559031425	15.52627433232052	1.9223717573789951	200.0	0.01	0.002	4.193646336216857	2.921547673876025	0.1360585138494172	500.0	1.6537154659094804	0.016753522781185606	0.0	1.0
122	0.00013026494559031425	18.007308528664677	1.9223717573789951	200.0	0.01	0.002	4.193646336216857	2.921547673876025	0.1360585138494172	500.0	1.6537154659094804	0.016753522781185606	0.0	1.0
123	0.00013026494559031425	23.912331023805454	1.9223717573789951	200.0	0.01	0.002	4.193646336216857	2.921547673876025	0.1360585138494172	500.0	1.6537154659094804	0.016753522781185606	0.0	1.0
124	0.00013026494559031425	30.380345203899104	1.9223717573789951	200.0	0.01	0.002	4.193646336216857	2.921547673876025	0.1360585138494172	500.0	4.7226088577898135	0.016753522781185606	1.0	1.0
125	0.00013026494559031425	52.330748615250265	1.9223717573789951	200.0	0.01	0.002	4.193646336216857	2.921547673876025	0.1360585138494172	500.0	4.7226088577898135	0.016753522781185606	1.0	1.0
126	0.00013026494559031425	61.6746717573527	1.9223717573789951	200.0	0.01	0.002	4.193646336216857	2.921547673876025	0.1360585138494172	500.0	4.7226088577898135	0.016753522781185606	1.0	1.0
127	0.00013026494559031425	72.26729501165805	1.9223717573789951	200.0	0.01	0.002	4.193646336216857	2.921547673876025	0.1360585138494172	500.0	4.7226088577898135	0.016753522781185606	1.0	1.0
128	0.00013026494559031425	75.22081622293734	1.9223717573789951	200.0	0.01	0.002	4.193646336216857	2.921547673876025	0.1360585138494172	500.0	4.7226088577898135	0.016753522781185606	1.0	1.0
129	0.00013026494559031425	78.72068411169188	1.9223717573789951	200.0	0.01	0.002	4.193646336216857	2.921547673876025	0.1360585138494172	500.0	4.7226088577898135	0.016753522781185606	1.0	1.0
130	1.000000116544458e-05	30.234673456745977	1.0723069736234536	200.0	0.01	0.002	7.102008331742646	6.624827652754239	0.1270241171871309	500.0	3.2443498376573308	0.08908465946488932	0.0	0.0
131	1.000000116544458e-05	33.164448975997836	1.0723069736234536	200.0	0.01	0.002	7.102008331742646	6.624827652754239	0.1270241171871309	500.0	3.2443498376573308	0.08908465946488932	0.0	0.0
132	1.000000116544458e-05	35.384623493599214	1.0723069736234536	200.0	0.01	0.002	7.102008331742646	6.624827652754239	0.1270241171871309	500.0	3.2443498376573308	0.08908465946488932	0.0	0.0
133	1.000000116544458e-05	38.633660566122316	1.0723069736234536	200.0	0.01	0.002	7.102008331742646	6.624827652754239	0.1270241171871309	500.0	3.2443498376573308	0.08908465946488932	0.0	0.0
134	1.000000116544458e-05	39.97181469547503	1.0723069736234536	200.0	0.01	0.002	7.102008331742646	6.624827652754239	0.1270241171871309	500.0	3.2443498376573308	0.08908465946488932	0.0	0.0
135	1.000000116544458e-05	56.48612793256832	1.0723069736234536	200.0	0.01	0.002	7.102008331742646	6.624827652754239	0.1270241171871309	500.0	3.2443498376573308	0.08908465946488932	0.0	0.0
136	1.000000116544458e-05	70.75450097240197	1.0723069736234536	200.0	0.01	0.002	7.102008331742646	6.624827652754239	0.1270241171871309	500.0	3.2443498376573308	0.08908465946488932	0.0	0.0
137	0.00034292339158021646	17.668753891416262	1.6736530828779235	200.0	0.01	0.002	6.3004073381537555	2.0613399508755776	0.621021270134094	500.0	6.665971363754955	0.01047291413981408	1.0	0.0
138	0.00034292339158021646	32.88621914983468	1.6736530828779235	200.0	0.01	0.002	6.3004073381537555	2.0613399508755776	0.621021270134094	500.0	6.665971363754955	0.01047291413981408	1.0	0.0
139	0.00034292339158021646	38.916148438967355	1.6736530828779235	200.0	0.01	0.002	6.3004073381537555	2.0613399508755776	0.621021270134094	500.0	6.665971363754955	0.01047291413981408	1.0	0.0
140	0.00034292339158021646	44.73260634731122	1.6736530828779235	200.0	0.01	0.002	6.3004073381537555	2.0613399508755776	0.621021270134094	500.0	6.665971363754955	0.01047291413981408	1.0	0.0
141	0.00034292339158021646	47.0732884302353	1.6736530828779235	200.0	0.01	0.002	6.3004073381537555	2.0613399508755776	0.621021270134094	500.0	6.665971363754955	0.01047291413981408	1.0	0.0
142	0.00034292339158021646	50.52322037966226	1.6736530828779235	200.0	0.01	0.002	6.3004073381537555	2.0613399508755776	0.621021270134094	500.0	6.665971363754955	0.01047291413981408	1.0	0.0
143	0.00013026494559031425	13.31927114835645	1.9223717573789951	200.0	0.01	0.002	4.193646336216857	2.921547673876025	0.1360585138494172	500.0	1.6537154659094804	0.016753522781185606	0.0	1.0
144	0.00013026494559031425	14.48441128037652	1.9223717573789951	200.0	0.01	0.002	4.193646336216857	2.921547673876025	0.1360585138494172	500.0	1.6537154659094804	0.016753522781185606	0.0	1.0
145	0.00013026494559031425	14.647078139911251	1.9223717573789951	200.0	0.01	0.002	4.193646336216857	2.921547673876025	0.1360585138494172	500.0	1.6537154659094804	0.016753522781185606	0.0	1.0
146	0.00013026494559031425	15.261960826211007	1.9223717573789951	200.0	0.01	0.002	4.193646336216857	2.921547673876025	0.1360585138494172	500.0	1.6537154659094804	0.016753522781185606	0.0	1.0
147	0.00013026494559031425	15.52627433232052	1.9223717573789951	200.0	0.01	0.002	4.193646336216857	2.921547673876025	0.1360585138494172	500.0	1.6537154659094804	0.016753522781185606	0.0	1.0
148	0.00013026494559031425	18.007308528664677	1.9223717573789951	200.0	0.01	0.002	4.193646336216857	2.921547673876025	0.1360585138494172	500.0	1.6537154659094804	0.016753522781185606	0.0	1.0
149	0.00013026494559031425	23.912331023805454	1.9223717573789951	200.0	0.01	0.002	4.193646336216857	2.921547673876025	0.1360585138494172	500.0	1.6537154659094804	0.016753522781185606	0.0	1.0
150	0.00013026494559031425	30.380345203899104	1.9223717573789951	200.0	0.01	0.002	4.193646336216857	2.921547673876025	0.1360585138494172	500.0	4.7226088577898135	0.016753522781185606	1.0	1.0
151	0.00013026494559031425	52.330748615250265	1.9223717573789951	200.0	0.01	0.002	4.193646336216857	2.921547673876025	0.1360585138494172	500.0	4.7226088577898135	0.016753522781185606	1.0	1.0
152	0.00013026494559031425	61.6746717573527	1.9223717573789951	200.0	0.01	0.002	4.193646336216857	2.921547673876025	0.1360585138494172	500.0	4.7226088577898135	0.016753522781185606	1.0	1.0
153	0.00013026494559031425	72.26729501165805	1.9223717573789951	200.0	0.01	0.002	4.193646336216857	2.921547673876025	0.1360585138494172	500.0	4.7226088577898135	0.016753522781185606	1.0	1.0
154	0.00013026494559031425	75.22081622293734	1.9223717573789951	200.0	0.01	0.002	4.193646336216857	2.921547673876025	0.1360585138494172	500.0	4.7226088577898135	0.016753522781185606	1.0	1.0
155	0.00013026494559031425	78.72068411169188	1.9223717573789951	200.0	0.01	0.002	4.193646336216857	2.921547673876025	0.1360585138494172	500.0	4.7226088577898135	0.016753522781185606	1.0	1.0
156	1.000000116544458e-05	30.234673456745977	1.0723069736234536	200.0	0.01	0.002	7.102008331742646	6.624827652754239	0.1270241171871309	500.0	3.2443498376573308	0.08908465946488932	0.0	0.0
157	1.000000116544458e-05	33.164448975997836	1.0723069736234536	200.0	0.01	0.002	7.102008331742646	6.624827652754239	0.1270241171871309	500.0	3.2443498376573308	0.08908465946488932	0.0	0.0
158	1.000000116544458e-05	35.384623493599214	1.0723069736234536	200.0	0.01	0.002	7.102008331742646	6.624827652754239	0.1270241171871309	500.0	3.2443498376573308	0.08908465946488932	0.0	0.0
159	1.000000116544458e-05	38.633660566122316	1.0723069736234536	200.0	0.01	0.002	7.102008331742646	6.624827652754239	0.1270241171871309	500.0	3.2443498376573308	0.08908465946488932	0.0	0.0
160	1.000000116544458e-05	39.97181469547503	1.0723069736234536	200.0	0.01	0.002	7.102008331742646	6.624827652754239	0.1270241171871309	500.0	3.2443498376573308	0.08908465946488932	0.0	0.0
161	1.000000116544458e-05	56.48612793256832	1.0723069736234536	200.0	0.01	0.002	7.102008331742646	6.624827652754239	0.1270241171871309	500.0	3.2443498376573308	0.08908465946488932	0.0	0.0
162	1.000000116544458e-05	70.75450097240197	1.0723069736234536	200.0	0.01	0.002	7.102008331742646	6.624827652754239	0.1270241171871309	500.0	3.2443498376573308	0.08908465946488932	0.0	0.0
163	0.00034292339158021646	17.668753891416262	1.6736530828779235	200.0	0.01	0.002	6.3004073381537555	2.0613399508755776	0.621021270134094	500.0	6.665971363754955	0.01047291413981408	1.0	0.0
164	0.00034292339158021646	32.88621914983468	1.6736530828779235	200.0	0.01	0.002	6.3004073381537555	2.0613399508755776	0.621021270134094	500.0	6.665971363754955	0.01047291413981408	1.0	0.0
165	0.00034292339158021646	38.916148438967355	1.6736530828779235	200.0	0.01	0.002	6.3004073381537555	2.0613399508755776	0.621021270134094	500.0	6.665971363754955	0.01047291413981408	1.0	0.0
166	0.00034292339158021646	44.73260634731122	1.6736530828779235	200.0	0.01	0.002	6.3004073381537555	2.0613399508755776	0.621021270134094	500.0	6.665971363754955	0.01047291413981408	1.0	0.0
167	0.00034292339158021646	47.0732884302353	1.6736530828779235	200.0	0.01	0.002	6.3004073381537555	2.0613399508755776	0.621021270134094	500.0	6.665971363754955	0.01047291413981408	1.0	0.0
168	0.00034292339158021646	50.52322037966226	1.6736530828779235	200.0	0.01	0.002	6.3004073381537555	2.0613399508755776	0.621021270134094	500.0	6.665971363754955	0.01047291413981408	1.0	0.0
169	0.00013026494559031425	13.31927114835645	1.9223717573789951	200.0	0.01	0.002	4.193646336216857	2.921547673876025	0.1360585138494172	500.0	1.6537154659094804	0.016753522781185606	0.0	1.0
170	0.00013026494559031425	14.48441128037652	1.9223717573789951	200.0	0.01	0.002	4.193646336216857	2.921547673876025	0.1360585138494172	500.0	1.6537154659094804	0.016753522781185606	0.0	1.0
171	0.00013026494559031425	14.647078139911251	1.9223717573789951	200.0	0.01	0.002	4.193646336216857	2.921547673876025	0.1360585138494172	500.0	1.6537154659094804	0.016753522781185606	0.0	1.0
172	0.00013026494559031425	15.261960826211007	1.9223717573789951	200.0	0.01	0.002	4.193646336216857	2.921547673876025	0.1360585138494172	500.0	1.6537154659094804	0.016753522781185606	0.0	1.0
173	0.00013026494559031425	15.52627433232052	1.9223717573789951	200.0	0.01	0.002	4.193646336216857	2.921547673876025	0.1360585138494172	500.0	1.6537154659094804	0.016753522781185606	0.0	1.0
174	0.00013026494559031425	18.007308528664677	1.9223717573789951	200.0	0.01	0.002	4.193646336216857	2.921547673876025	0.1360585138494172	500.0	1.6537154659094804	0.016753522781185606	0.0	1.0
175	0.00013026494559031425	23.912331023805454	1.9223717573789951	200.0	0.01	0.002	4.193646336216857	2.921547673876025	0.1360585138494172	500.0	1.6537154659094804	0.016753522781185606	0.0	1.0
176	0.00013026494559031425	30.380345203899104	1.9223717573789951	200.0	0.01	0.002	4.193646336216857	2.921547673876025	0.1360585138494172	500.0	4.7226088577898135	0.016753522781185606	1.0	1.0
177	0.00013026494559031425	52.330748615250265	1.9223717573789951	200.0	0.01	0.002	4.193646336216857	2.921547673876025	0.1360585138494172	500.0	4.7226088577898135	0.016753522781185606	1.0	1.0
178	0.00013026494559031425	61.6746717573527	1.9223717573789951	200.0	0.01	0.002	4.193646336216857	2.921547673876025	0.1360585138494172	500.0	4.7226088577898135	0.016753522781185606	1.0	1.0
179	0.00013026494559031425	72.26729501165805	1.9223717573789951	200.0	0.01	0.002	4.193646336216857	2.921547673876025	0.1360585138494172	500.0	4.7226088577898135	0.016753522781185606	1.0	1.0
180	0.00013026494559031425	75.22081622293734	1.9223717573789951	200.0	0.01	0.002	4.193646336216857	2.921547673876025	0.1360585138494172	500.0	4.7226088577898135	0.016753522781185606	1.0	1.0
181	0.00013026494559031425	78.72068411169188	1.9223717573789951	200.0	0.01	0.002	4.193646336216857	2.921547673876025	0.1360585138494172	500.0	4.7226088577898135	0.016753522781185606	1.0	1.0
182	1.000000116544458e-05	30.234673456745977	1.0723069736234536	200.0	0.01	0.002	7.102008331742646	6.624827652754239	0.1270241171871309	500.0	3.2443498376573308	0.08908465946488932	0.0	0.0
183	1.000000116544458e-05	33.164448975997836	1.0723069736234536	200.0	0.01	0.002	7.102008331742646	6.624827652754239	0.1270241171871309	500.0	3.2443498376573308	0.08908465946488932	0.0	0.0
184	1.000000116544458e-05	35.384623493599214	1.0723069736234536	200.0	0.01	0.002	7.102008331742646	6.624827652754239	0.1270241171871309	500.0	3.2443498376573308	0.08908465946488932	0.0	0.0
185	1.000000116544458e-05	38.633660566122316	1.0723069736234536	200.0	0.01	0.002	7.102008331742646	6.624827652754239	0.1270241171871309	500.0	3.2443498376573308	0.08908465946488932	0.0	0.0
186	1.000000116544458e-05	39.97181469547503	1.0723069736234536	200.0	0.01	0.002	7.102008331742646	6.624827652754239	0.1270241171871309	500.0	3.2443498376573308	0.08908465946488932	0.0	0.0
187	1.000000116544458e-05	56.48612793256832	1.0723069736234536	200.0	0.01	0.002	7.102008331742646	6.624827652754239	0.1270241171871309	500.0	3.2443498376573308	0.08908465946488932	0.0	0.0
188	1.000000116544458e-05	70.75450097240197	1.0723069736234536	200.0	0.01	0.002	7.102008331742646	6.624827652754239	0.1270241171871309	500.0	3.2443498376573308	0.08908465946488932	0.0	0.0
189	0.00034292339158021646	17.668753891416262	1.6736530828779235	200.0	0.01	0.002	6.3004073381537555	2.0613399508755776	0.621021270134094	500.0	6.665971363754955	0.01047291413981408	1.0	0.0
190	0.00034292339158021646	32.88621914983468	1.6736530828779235	200.0	0.01	0.002	6.3004073381537555	2.0613399508755776	0.621021270134094	500.0	6.665971363754955	0.01047291413981408	1.0	0.0
191	0.00034292339158021646	38.916148438967355	1.6736530828779235	200.0	0.01	0.002	6.3004073381537555	2.0613399508755776	0.621021270134094	500.0	6.665971363754955	0.01047291413981408	1.0	0.0
192	0.00034292339158021646	44.73260634731122	1.6736530828779235	200.0	0.01	0.002	6.3004073381537555	2.0613399508755776	0.621021270134094	500.0	6.665971363754955	0.01047291413981408	1.0	0.0
193	0.00034292339158021646	47.0732884302353	1.6736530828779235	200.0	0.01	0.002	6.3004073381537555	2.0613399508755776	0.621021270134094	500.0	6.665971363754955	0.01047291413981408	1.0	0.0
194	0.00034292339158021646	50.52322037966226	1.6736530828779235	200.0	0.01	0.002	6.3004073381537555	2.0613399508755776	0.621021270134094	500.0	6.665971363754955	0.01047291413981408	1.0	0.0
195	0.00013026494559031425	13.31927114835645	1.9223717573789951	200.0	0.01	0.002	4.193646336216857	2.921547673876025	0.1360585138494172	500.0	1.6537154659094804	0.016753522781185606	0.0	1.0
196	0.00013026494559031425	14.48441128037652	1.9223717573789951	200.0	0.01	0.002	4.193646336216857	2.921547673876025	0.1360585138494172	500.0	1.6537154659094804	0.016753522781185606	0.0	1.0
197	0.00013026494559031425	14.647078139911251	1.9223717573789951	200.0	0.01	0.002	4.193646336216857	2.921547673876025	0.1360585138494172	500.0	1.6537154659094804	0.016753522781185606	0.0	1.0
198	0.00013026494559031425	15.261960826211007	1.9223717573789951	200.0	0.01	0.002	4.193646336216857	2.921547673876025	0.1360585138494172	500.0	1.6537154659094804	0.016753522781185606	0.0	1.0
199	0.00013026494559031425	15.52627433232052	1.9223717573789951	200.0	0.01	0.002	4.193646336216857	2.921547673876025	0.1360585138494172	500.0	1.6537154659094804	0.016753522781185606	0.0	1.0
200	0.00013026494559031425	18.007308528664677	1.9223717573789951	200.0	0.01	0.002	4.193646336216857	2.921547673876025	0.1360585138494172	500.0	1.6537154659094804	0.016753522781185606	0.0	1.0
201	0.00013026494559031425	23.912331023805454	1.9223717573789951	200.0	0.01	0.002	4.193646336216857	2.921547673876025	0.1360585138494172	500.0	1.6537154659094804	0.016753522781185606	0.0	1.0
202	0.00013026494559031425	30.380345203899104	1.9223717573789951	200.0	0.01	0.002	4.193646336216857	2.921547673876025	0.1360585138494172	500.0	4.7226088577898135	0.016753522781185606	1.0	1.0
203	0.00013026494559031425	52.330748615250265	1.9223717573789951	200.0	0.01	0.002	4.193646336216857	2.921547673876025	0.1360585138494172	500.0	4.7226088577898135	0.016753522781185606	1.0	1.0
204	0.00013026494559031425	61.6746717573527	1.9223717573789951	200.0	0.01	0.002	4.193646336216857	2.921547673876025	0.1360585138494172	500.0	4.7226088577898135	0.016753522781185606	1.0	1.0
205	0.00013026494559031425	72.26729501165805	1.9223717573789951	200.0	0.01	0.002	4.193646336216857	2.921547673876025	0.1360585138494172	500.0	4.7226088577898135	0.016753522781185606	1.0	1.0
206	0.00013026494559031425	75.22081622293734	1.9223717573789951	200.0	0.01	0.002	4.193646336216857	2.921547673876025	0.1360585138494172	500.0	4.7226088577898135	0.016753522781185606	1.0	1.0
207	0.00013026494559031425	78.72068411169188	1.9223717573789951	200.0	0.01	0.002	4.193646336216857	2.921547673876025	0.1360585138494172	500.0	4.7226088577898135	0.016753522781185606	1.0	1.0
208	1.000000116544458e-05	30.234673456745977	1.0723069736234536	200.0	0.01	0.002	7.102008331742646	6.624827652754239	0.1270241171871309	500.0	3.2443498376573308	0.08908465946488932	0.0	0.0
209	1.000000116544458e-05	33.164448975997836	1.0723069736234536	200.0	0.01	0.002	7.102008331742646	6.624827652754239	0.1270241171871309	500.0	3.2443498376573308	0.08908465946488932	0.0	0.0
210	1.000000116544458e-05	35.384623493599214	1.0723069736234536	200.0	0.01	0.002	7.102008331742646	6.624827652754239	0.1270241171871309	500.0	3.2443498376573308	0.08908465946488932	0.0	0.0
211	1.000000116544458e-05	38.633660566122316	1.0723069736234536	200.0	0.01	0.002	7.102008331742646	6.624827652754239	0.1270241171871309	500.0	3.2443498376573308	0.08908465946488932	0.0	0.0
212	1.000000116544458e-05	39.97181469547503	1.0723069736234536	200.0	0.01	0.002	7.102008331742646	6.624827652754239	0.1270241171871309	500.0	3.2443498376573308	0.08908465946488932	0.0	0.0
213	1.000000116544458e-05	56.48612793256832	1.0723069736234536	200.0	0.01	0.002	7.102008331742646	6.624827652754239	0.1270241171871309	500.0	3.2443498376573308	0.08908465946488932	0.0	0.0
214	1.000000116544458e-05	70.75450097240197	1.0723069736234536	200.0	0.01	0.002	7.102008331742646	6.624827652754239	0.1270241171871309	500.0	3.2443498376573308	0.08908465946488932	0.0	0.0
215	0.00034292339158021646	17.668753891416262	1.6736530828779235	200.0	0.01	0.002	6.3004073381537555	2.0613399508755776	0.621021270134094	500.0	6.665971363754955	0.01047291413981408	1.0	0.0
216	0.00034292339158021646	32.88621914983468	1.6736530828779235	200.0	0.01	0.002	6.3004073381537555	2.0613399508755776	0.621021270134094	500.0	6.665971363754955	0.01047291413981408	1.0	0.0
217	0.00034292339158021646	38.916148438967355	1.6736530828779235	200.0	0.01	0.002	6.3004073381537555	2.0613399508755776	0.621021270134094	500.0	6.665971363754955	0.01047291413981408	1.0	0.0
218	0.00034292339158021646	44.73260634731122	1.6736530828779235	200.0	0.01	0.002	6.3004073381537555	2.0613399508755776	0.621021270134094	500.0	6.665971363754955	0.01047291413981408	1.0	0.0
219	0.00034292339158021646	47.0732884302353	1.6736530828779235	200.0	0.01	0.002	6.3004073381537555	2.0613399508755776	0.621021270134094	500.0	6.665971363754955	0.01047291413981408	1.0	0.0
220	0.00034292339158021646	50.52322037966226	1.6736530828779235	200.0	0.01	0.002	6.3004073381537555	2.0613399508755776	0.621021270134094	500.0	6.665971363754955	0.01047291413981408	1.0	0.0
221	0.00013026494559031425	13.31927114835645	1.9223717573789951	200.0	0.01	0.002	4.193646336216857	2.921547673876025	0.1360585138494172	500.0	1.6537154659094804	0.016753522781185606	0.0	1.0
222	0.00013026494559031425	14.48441128037652	1.9223717573789951	200.0	0.01	0.002	4.193646336216857	2.921547673876025	0.1360585138494172	500.0	1.6537154659094804	0.016753522781185606	0.0	1.0
223	0.00013026494559031425	14.647078139911251	1.9223717573789951	200.0	0.01	0.002	4.193646336216857	2.921547673876025	0.1360585138494172	500.0	1.6537154659094804	0.016753522781185606	0.0	1.0
224	0.00013026494559031425	15.261960826211007	1.9223717573789951	200.0	0.01	0.002	4.193646336216857	2.921547673876025	0.1360585138494172	500.0	1.6537154659094804	0.016753522781185606	0.0	1.0
225	0.00013026494559031425	15.52627433232052	1.9223717573789951	200.0	0.01	0.002	4.193646336216857	2.921547673876025	0.1360585138494172	500.0	1.6537154659094804	0.016753522781185606	0.0	1.0
226	0.00013026494559031425	18.007308528664677	1.9223717573789951	200.0	0.01	0.002	4.193646336216857	2.921547673876025	0.1360585138494172	500.0	1.6537154659094804	0.016753522781185606	0.0	1.0
227	0.00013026494559031425	23.912331023805454	1.9223717573789951	200.0	0.01	0.002	4.193646336216857	2.921547673876025	0.1360585138494172	500.0	1.6537154659094804	0.016753522781185606	0.0	1.0
228	0.00013026494559031425	30.380345203899104	1.9223717573789951	200.0	0.01	0.002	4.193646336216857	2.921547673876025	0.1360585138494172	500.0	4.7226088577898135	0.016753522781185606	1.0	1.0
229	0.00013026494559031425	52.330748615250265	1.9223717573789951	200.0	0.01	0.002	4.193646336216857	2.921547673876025	0.1360585138494172	500.0	4.7226088577898135	0.016753522781185606	1.0	1.0
230	0.00013026494559031425	61.6746717573527	1.9223717573789951	200.0	0.01	0.002	4.193646336216857	2.921547673876025	0.1360585138494172	500.0	4.7226088577898135	0.016753522781185606	1.0	1.0
231	0.00013026494559031425	72.26729501165805	1.9223717573789951	200.0	0.01	0.002	4.193646336216857	2.921547673876025	0.1360585138494172	500.0	4.7226088577898135	0.016753522781185606	1.0	1.0
232	0.00013026494559031425	75.22081622293734	1.9223717573789951	200.0	0.01	0.002	4.193646336216857	2.921547673876025	0.1360585138494172	500.0	4.7226088577898135	0.016753522781185606	1.0	1.0
233	0.00013026494559031425	78.72068411169188	1.9223717573789951	200.0	0.01	0.002	4.193646336216857	2.921547673876025	0.1360585138494172	500.0	4.7226088577898135	0.016753522781185606	1.0	1.0
234	1.000000116544458e-05	30.234673456745977	1.0723069736234536	200.0	0.01	0.002	7.102008331742646	6.624827652754239	0.1270241171871309	500.0	3.2443498376573308	0.08908465946488932	0.0	0.0
235	1.000000116544458e-05	33.164448975997836	1.0723069736234536	200.0	0.01	0.002	7.102008331742646	6.624827652754239	0.1270241171871309	500.0	3.2443498376573308	0.08908465946488932	0.0	0.0
236	1.000000116544458e-05	35.384623493599214	1.0723069736234536	200.0	0.01	0.002	7.102008331742646	6.624827652754239	0.1270241171871309	500.0	3.2443498376573308	0.08908465946488932	0.0	0.0
237	1.000000116544458e-05	38.633660566122316	1.0723069736234536	200.0	0.01	0.002	7.102008331742646	6.624827652754239	0.1270241171871309	500.0	3.2443498376573308	0.08908465946488932	0.0	0.0
238	1.000000116544458e-05	39.97181469547503	1.0723069736234536	200.0	0.01	0.002	7.102008331742646	6.624827652754239	0.1270241171871309	500.0	3.2443498376573308	0.08908465946488932	0.0	0.0
239	1.000000116544458e-05	56.48612793256832	1.0723069736234536	200.0	0.01	0.002	7.102008331742646	6.624827652754239	0.1270241171871309	500.0	3.2443498376573308	0.08908465946488932	0.0	0.0
240	1.000000116544458e-05	70.75450097240197	1.0723069736234536	200.0	0.01	0.002	7.102008331742646	6.624827652754239	0.1270241171871309	500.0	3.2443498376573308	0.08908465946488932	0.0	0.0
241	0.00034292339158021646	17.668753891416262	1.6736530828779235	200.0	0.01	0.002	6.3004073381537555	2.0613399508755776	0.621021270134094	500.0	6.665971363754955	0.01047291413981408	1.0	0.0
242	0.00034292339158021646	32.88621914983468	1.6736530828779235	200.0	0.01	0.002	6.3004073381537555	2.0613399508755776	0.621021270134094	500.0	6.665971363754955	0.01047291413981408	1.0	0.0
243	0.00034292339158021646	38.916148438967355	1.6736530828779235	200.0	0.01	0.002	6.3004073381537555	2.0613399508755776	0.621021270134094	500.0	6.665971363754955	0.01047291413981408	1.0	0.0
244	0.00034292339158021646	44.73260634731122	1.6736530828779235	200.0	0.01	0.002	6.3004073381537555	2.0613399508755776	0.621021270134094	500.0	6.665971363754955	0.01047291413981408	1.0	0.0
245	0.00034292339158021646	47.0732884302353	1.6736530828779235	200.0	0.01	0.002	6.3004073381537555	2.0613399508755776	0.621021270134094	500.0	6.665971363754955	0.01047291413981408	1.0	0.0
246	0.00034292339158021646	50.52322037966226	1.6736530828779235	200.0	0.01	0.002	6.3004073381537555	2.0613399508755776	0.621021270134094	500.0	6.665971363754955	0.01047291413981408	1.0	0.0
247	0.00013026494559031425	13.31927114835645	1.9223717573789951	200.0	0.01	0.002	4.193646336216857	2.921547673876025	0.1360585138494172	500.0	1.6537154659094804	0.016753522781185606	0.0	1.0
248	0.00013026494559031425	14.48441128037652	1.9223717573789951	200.0	0.01	0.002	4.193646336216857	2.921547673876025	0.1360585138494172	500.0	1.6537154659094804	0.016753522781185606	0.0	1.0
249	0.00013026494559031425	14.647078139911251	1.9223717573789951	200.0	0.01	0.002	4.193646336216857	2.921547673876025	0.1360585138494172	500.0	1.6537154659094804	0.016753522781185606	0.0	1.0
250	0.00013026494559031425	15.261960826211007	1.9223717573789951	200.0	0.01	0.002	4.193646336216857	2.921547673876025	0.1360585138494172	500.0	1.6537154659094804	0.016753522781185606	0.0	1.0
251	0.00013026494559031425	15.52627433232052	1.9223717573789951	200.0	0.01	0.002	4.193646336216857	2.921547673876025	0.1360585138494172	500.0	1.6537154659094804	0.016753522781185606	0.0	1.0
252	0.00013026494559031425	18.007308528664677	1.9223717573789951	200.0	0.01	0.002	4.193646336216857	2.921547673876025	0.1360585138494172	500.0	1.6537154659094804	0.016753522781185606	0.0	1.0
253	0.00013026494559031425	23.912331023805454	1.9223717573789951	200.0	0.01	0.002	4.193646336216857	2.921547673876025	0.1360585138494172	500.0	1.6537154659094804	0.016753522781185606	0.0	1.0
254	0.00013026494559031425	30.380345203899104	1.9223717573789951	200.0	0.01	0.002	4.193646336216857	2.921547673876025	0.1360585138494172	500.0	4.7226088577898135	0.016753522781185606	1.0	1.0
255	0.00013026494559031425	52.330748615250265	1.9223717573789951	200.0	0.01	0.002	4.193646336216857	2.921547673876025	0.1360585138494172	500.0	4.7226088577898135	0.016753522781185606	1.0	1.0
256	0.00013026494559031425	61.6746717573527	1.9223717573789951	200.0	0.01	0.002	4.193646336216857	2.921547673876025	0.1360585138494172	500.0	4.7226088577898135	0.016753522781185606	1.0	1.0
257	0.00013026494559031425	72.26729501165805	1.9223717573789951	200.0	0.01	0.002	4.193646336216857	2.921547673876025	0.1360585138494172	500.0	4.7226088577898135	0.016753522781185606	1.0	1.0
258	0.00013026494559031425	75.22081622293734	1.9223717573789951	200.0	0.01	0.002	4.193646336216857	2.921547673876025	0.1360585138494172	500.0	4.7226088577898135	0.016753522781185606	1.0	1.0
259	0.00013026494559031425	78.72068411169188	1.9223717573789951	200.0	0.01	0.002	4.193646336216857	2.921547673876025	0.1360585138494172	500.0	4.7226088577898135	0.016753522781185606	1.0	1.0
260	1.000000116544458e-05	30.234673456745977	1.0723069736234536	200.0	0.01	0.002	7.102008331742646	6.624827652754239	0.1270241171871309	500.0	3.2443498376573308	0.08908465946488932	0.0	0.0
261	1.000000116544458e-05	33.164448975997836	1.0723069736234536	200.0	0.01	0.002	7.102008331742646	6.624827652754239	0.1270241171871309	500.0	3.2443498376573308	0.08908465946488932	0.0	0.0
262	1.000000116544458e-05	35.384623493599214	1.0723069736234536	200.0	0.01	0.002	7.102008331742646	6.624827652754239	0.1270241171871309	500.0	3.2443498376573308	0.08908465946488932	0.0	0.0
263	1.000000116544458e-05	38.633660566122316	1.0723069736234536	200.0	0.01	0.002	7.102008331742646	6.624827652754239	0.1270241171871309	500.0	3.2443498376573308	0.08908465946488932	0.0	0.0
264	1.000000116544458e-05	39.97181469547503	1.0723069736234536	200.0	0.01	0.002	7.102008331742646	6.624827652754239	0.1270241171871309	500.0	3.2443498376573308	0.08908465946488932	0.0	0.0
265	1.000000116544458e-05	56.48612793256832	1.0723069736234536	200.0	0.01	0.002	7.102008331742646	6.624827652754239	0.1270241171871309	500.0	3.2443498376573308	0.08908465946488932	0.0	0.0
266	1.000000116544458e-05	70.75450097240197	1.0723069736234536	200.0	0.01	0.002	7.102008331742646	6.624827652754239	0.1270241171871309	500.0	3.2443498376573308	0.08908465946488932	0.0	0.0
267	0.00034292339158021646	17.668753891416262	1.6736530828779235	200.0	0.01	0.002	6.3004073381537555	2.0613399508755776	0.621021270134094	500.0	6.665971363754955	0.01047291413981408	1.0	0.0
268	0.00034292339158021646	32.88621914983468	1.6736530828779235	200.0	0.01	0.002	6.3004073381537555	2.0613399508755776	0.621021270134094	500.0	6.665971363754955	0.01047291413981408	1.0	0.0
269	0.00034292339158021646	38.916148438967355	1.6736530828779235	200.0	0.01	0.002	6.3004073381537555	2.0613399508755776	0.621021270134094	500.0	6.665971363754955	0.01047291413981408	1.0	0.0
270	0.00034292339158021646	44.73260634731122	1.6736530828779235	200.0	0.01	0.002	6.3004073381537555	2.0613399508755776	0.621021270134094	500.0	6.665971363754955	0.01047291413981408	1.0	0.0
271	0.00034292339158021646	47.0732884302353	1.6736530828779235	200.0	0.01	0.002	6.3004073381537555	2.0613399508755776	0.621021270134094	500.0	6.665971363754955	0.01047291413981408	1.0	0.0
272	0.00034292339158021646	50.52322037966226	1.6736530828779235	200.0	0.01	0.002	6.3004073381537555	2.0613399508755776	0.621021270134094	500.0	6.665971363754955	0.01047291413981408	1.0	0.0
273	0.00013026494559031425	13.31927114835645	1.9223717573789951	200.0	0.01	0.002	4.193646336216857	2.921547673876025	0.1360585138494172	500.0	1.6537154659094804	0.016753522781185606	0.0	1.0
274	0.00013026494559031425	14.48441128037652	1.9223717573789951	200.0	0.01	0.002	4.193646336216857	2.921547673876025	0.1360585138494172	500.0	1.6537154659094804	0.016753522781185606	0.0	1.0
275	0.00013026494559031425	14.647078139911251	1.9223717573789951	200.0	0.01	0.002	4.193646336216857	2.921547673876025	0.1360585138494172	500.0	1.6537154659094804	0.016753522781185606	0.0	1.0
276	0.00013026494559031425	15.261960826211007	1.9223717573789951	200.0	0.01	0.002	4.193646336216857	2.921547673876025	0.1360585138494172	500.0	1.6537154659094804	0.016753522781185606	0.0	1.0
277	0.00013026494559031425	15.52627433232052	1.9223717573789951	200.0	0.01	0.002	4.193646336216857	2.921547673876025	0.1360585138494172	500.0	1.6537154659094804	0.016753522781185606	0.0	1.0
278	0.00013026494559031425	18.007308528664677	1.9223717573789951	200.0	0.01	0.002	4.193646336216857	2.921547673876025	0.1360585138494172	500.0	1.6537154659094804	0.016753522781185606	0.0	1.0
279	0.00013026494559031425	23.912331023805454	1.9223717573789951	200.0	0.01	0.002	4.193646336216857	2.921547673876025	0.1360585138494172	500.0	1.6537154659094804	0.016753522781185606	0.0	1.0
280	0.00013026494559031425	30.380345203899104	1.9223717573789951	200.0	0.01	0.002	4.193646336216857	2.921547673876025	0.1360585138494172	500.0	4.7226088577898135	0.016753522781185606	1.0	1.0
281	0.00013026494559031425	52.330748615250265	1.9223717573789951	200.0	0.01	0.002	4.193646336216857	2.921547673876025	0.1360585138494172	500.0	4.7226088577898135	0.016753522781185606	1.0	1.0
282	0.00013026494559031425	61.6746717573527	1.9223717573789951	200.0	0.01	0.002	4.193646336216857	2.921547673876025	0.1360585138494172	500.0	4.7226088577898135	0.016753522781185606	1.0	1.0
283	0.00013026494559031425	72.26729501165805	1.9223717573789951	200.0	0.01	0.002	4.193646336216857	2.921547673876025	0.1360585138494172	500.0	4.7226088577898135	0.016753522781185606	1.0	1.0
284	0.00013026494559031425	75.22081622293734	1.9223717573789951	200.0	0.01	0.002	4.193646336216857	2.921547673876025	0.1360585138494172	500.0	4.7226088577898135	0.016753522781185606	1.0	1.0
285	0.00013026494559031425	78.72068411169188	1.9223717573789951	200.0	0.01	0.002	4.193646336216857	2.921547673876025	0.1360585138494172	500.0	4.7226088577898135	0.016753522781185606	1.0	1.0
286	1.000000116544458e-05	30.234673456745977	1.0723069736234536	200.0	0.01	0.002	7.102008331742646	6.624827652754239	0.1270241171871309	500.0	3.2443498376573308	0.08908465946488932	0.0	0.0
287	1.000000116544458e-05	33.164448975997836	1.0723069736234536	200.0	0.01	0.002	7.102008331742646	6.624827652754239	0.1270241171871309	500.0	3.2443498376573308	0.08908465946488932	0.0	0.0
288	1.000000116544458e-05	35.384623493599214	1.0723069736234536	200.0	0.01	0.002	7.102008331742646	6.624827652754239	0.1270241171871309	500.0	3.2443498376573308	0.08908465946488932	0.0	0.0
289	1.000000116544458e-05	38.633660566122316	1.0723069736234536	200.0	0.01	0.002	7.102008331742646	6.624827652754239	0.1270241171871309	500.0	3.2443498376573308	0.08908465946488932	0.0	0.0
290	1.000000116544458e-05	39.97181469547503	1.0723069736234536	200.0	0.01	0.002	7.102008331742646	6.624827652754239	0.1270241171871309	500.0	3.2443498376573308	0.08908465946488932	0.0	0.0
291	1.000000116544458e-05	56.48612793256832	1.0723069736234536	200.0	0.01	0.002	7.102008331742646	6.624827652754239	0.1270241171871309	500.0	3.2443498376573308	0.08908465946488932	0.0	0.0
292	1.000000116544458e-05	70.75450097240197	1.0723069736234536	200.0	0.01	0.002	7.102008331742646	6.624827652754239	0.1270241171871309	500.0	3.2443498376573308	0.08908465946488932	0.0	0.0
293	0.00034292339158021646	17.668753891416262	1.6736530828779235	200.0	0.01	0.002	6.3004073381537555	2.0613399508755776	0.621021270134094	500.0	6.665971363754955	0.01047291413981408	1.0	0.0
294	0.00034292339158021646	32.88621914983468	1.6736530828779235	200.0	0.01	0.002	6.3004073381537555	2.0613399508755776	0.621021270134094	500.0	6.665971363754955	0.01047291413981408	1.0	0.0
295	0.00034292339158021646	38.916148438967355	1.6736530828779235	200.0	0.01	0.002	6.3004073381537555	2.0613399508755776	0.621021270134094	500.0	6.665971363754955	0.01047291413981408	1.0	0.0
296	0.00034292339158021646	44.73260634731122	1.6736530828779235	200.0	0.01	0.002	6.3004073381537555	2.0613399508755776	0.621021270134094	500.0	6.665971363754955	0.01047291413981408	1.0	0.0
297	0.00034292339158021646	47.0732884302353	1.6736530828779235	200.0	0.01	0.002	6.3004073381537555	2.0613399508755776	0.621021270134094	500.0	6.665971363754955	0.01047291413981408	1.0	0.0
298	0.00034292339158021646	50.52322037966226	1.6736530828779235	200.0	0.01	0.002	6.3004073381537555	2.0613399508755776	0.621021270134094	500.0	6.665971363754955	0.01047291413981408	1.0	0.0
299	0.00013026494559031425	13.31927114835645	1.9223717573789951	200.0	0.01	0.002	4.193646336216857	2.921547673876025	0.1360585138494172	500.0	1.6537154659094804	0.016753522781185606	0.0	1.0
300	0.00013026494559031425	14.48441128037652	1.9223717573789951	200.0	0.01	0.002	4.193646336216857	2.921547673876025	0.1360585138494172	500.0	1.6537154659094804	0.016753522781185606	0.0	1.0
301	0.00013026494559031425	14.647078139911251	1.9223717573789951	200.0	0.01	0.002	4.193646336216857	2.921547673876025	0.1360585138494172	500.0	1.6537154659094804	0.016753522781185606	0.0	1.0
302	0.00013026494559031425	15.261960826211007	1.9223717573789951	200.0	0.01	0.002	4.193646336216857	2.921547673876025	0.1360585138494172	500.0	1.6537154659094804	0.016753522781185606	0.0	1.0
303	0.00013026494559031425	15.52627433232052	1.9223717573789951	200.0	0.01	0.002	4.193646336216857	2.921547673876025	0.1360585138494172	500.0	1.6537154659094804	0.016753522781185606	0.0	1.0
304	0.00013026494559031425	18.007308528664677	1.9223717573789951	200.0	0.01	0.002	4.193646336216857	2.921547673876025	0.1360585138494172	500.0	1.6537154659094804	0.016753522781185606	0.0	1.0
305	0.00013026494559031425	23.912331023805454	1.9223717573789951	200.0	0.01	0.002	4.193646336216857	2.921547673876025	0.1360585138494172	500.0	1.6537154659094804	0.016753522781185606	0.0	1.0
306	0.00013026494559031425	30.380345203899104	1.9223717573789951	200.0	0.01	0.002	4.193646336216857	2.921547673876025	0.1360585138494172	500.0	4.7226088577898135	0.016753522781185606	1.0	1.0
307	0.00013026494559031425	52.330748615250265	1.9223717573789951	200.0	0.01	0.002	4.193646336216857	2.921547673876025	0.1360585138494172	500.0	4.7226088577898135	0.016753522781185606	1.0	1.0
308	0.00013026494559031425	61.6746717573527	1.9223717573789951	200.0	0.01	0.002	4.193646336216857	2.921547673876025	0.1360585138494172	500.0	4.7226088577898135	0.016753522781185606	1.0	1.0
309	0.00013026494559031425	72.26729501165805	1.9223717573789951	200.0	0.01	0.002	4.193646336216857	2.921547673876025	0.1360585138494172	500.0	4.7226088577898135	0.016753522781185606	1.0	1.0
310	0.00013026494559031425	75.22081622293734	1.9223717573789951	200.0	0.01	0.002	4.193646336216857	2.921547673876025	0.1360585138494172	500.0	4.7226088577898135	0.016753522781185606	1.0	1.0
311	0.00013026494559031425	78.72068411169188	1.9223717573789951	200.0	0.01	0.002	4.193646336216857	2.921547673876025	0.1360585138494172	500.0	4.7226088577898135	0.016753522781185606	1.0	1.0
312	1.000000116544458e-05	30.234673456745977	1.0723069736234536	200.0	0.01	0.002	7.102008331742646	6.624827652754239	0.1270241171871309	500.0	3.2443498376573308	0.08908465946488932	0.0	0.0
313	1.000000116544458e-05	33.164448975997836	1.0723069736234536	200.0	0.01	0.002	7.102008331742646	6.624827652754239	0.1270241171871309	500.0	3.2443498376573308	0.08908465946488932	0.0	0.0
314	1.000000116544458e-05	35.384623493599214	1.0723069736234536	200.0	0.01	0.002	7.102008331742646	6.624827652754239	0.1270241171871309	500.0	3.2443498376573308	0.08908465946488932	0.0	0.0
315	1.000000116544458e-05	38.633660566122316	1.0723069736234536	200.0	0.01	0.002	7.102008331742646	6.624827652754239	0.1270241171871309	500.0	3.2443498376573308	0.08908465946488932	0.0	0.0
316	1.000000116544458e-05	39.97181469547503	1.0723069736234536	200.0	0.01	0.002	7.102008331742646	6.624827652754239	0.1270241171871309	500.0	3.2443498376573308	0.08908465946488932	0.0	0.0
317	1.000000116544458e-05	56.48612793256832	1.0723069736234536	200.0	0.01	0.002	7.102008331742646	6.624827652754239	0.1270241171871309	500.0	3.2443498376573308	0.08908465946488932	0.0	0.0
318	1.000000116544458e-05	70.75450097240197	1.0723069736234536	200.0	0.01	0.002	7.102008331742646	6.624827652754239	0.1270241171871309	500.0	3.2443498376573308	0.08908465946488932	0.0	0.0
319	0.00034292339158021646	17.668753891416262	1.6736530828779235	200.0	0.01	0.002	6.3004073381537555	2.0613399508755776	0.621021270134094	500.0	6.665971363754955	0.01047291413981408	1.0	0.0
320	0.00034292339158021646	32.88621914983468	1.6736530828779235	200.0	0.01	0.002	6.3004073381537555	2.0613399508755776	0.621021270134094	500.0	6.665971363754955	0.01047291413981408	1.0	0.0
321	0.00034292339158021646	38.916148438967355	1.6736530828779235	200.0	0.01	0.002	6.3004073381537555	2.0613399508755776	0.621021270134094	500.0	6.665971363754955	0.01047291413981408	1.0	0.0
322	0.00034292339158021646	44.73260634731122	1.6736530828779235	200.0	0.01	0.002	6.3004073381537555	2.0613399508755776	0.621021270134094	500.0	6.665971363754955	0.01047291413981408	1.0	0.0
323	0.00034292339158021646	47.0732884302353	1.6736530828779235	200.0	0.01	0.002	6.3004073381537555	2.0613399508755776	0.621021270134094	500.0	6.665971363754955	0.01047291413981408	1.0	0.0
324	0.00034292339158021646	50.52322037966226	1.6736530828779235	200.0	0.01	0.002	6.3004073381537555	2.0613399508755776	0.621021270134094	500.0	6.665971363754955	0.01047291413981408	1.0	0.0
325	0.00013026494559031425	13.31927114835645	1.9223717573789951	200.0	0.01	0.002	4.193646336216857	2.921547673876025	0.1360585138494172	500.0	1.6537154659094804	0.016753522781185606	0.0	1.0
326	0.00013026494559031425	14.48441128037652	1.9223717573789951	200.0	0.01	0.002	4.193646336216857	2.921547673876025	0.1360585138494172	500.0	1.6537154659094804	0.016753522781185606	0.0	1.0
327	0.00013026494559031425	14.647078139911251	1.9223717573789951	200.0	0.01	0.002	4.193646336216857	2.921547673876025	0.1360585138494172	500.0	1.6537154659094804	0.016753522781185606	0.0	1.0
328	0.00013026494559031425	15.261960826211007	1.9223717573789951	200.0	0.01	0.002	4.193646336216857	2.921547673876025	0.1360585138494172	500.0	1.6537154659094804	0.016753522781185606	0.0	1.0
329	0.00013026494559031425	15.52627433232052	1.9223717573789951	200.0	0.01	0.002	4.193646336216857	2.921547673876025	0.1360585138494172	500.0	1.6537154659094804	0.016753522781185606	0.0	1.0
330	0.00013026494559031425	18.007308528664677	1.9223717573789951	200.0	0.01	0.002	4.193646336216857	2.921547673876025	0.1360585138494172	500.0	1.6537154659094804	0.016753522781185606	0.0	1.0
331	0.00013026494559031425	23.912331023805454	1.9223717573789951	200.0	0.01	0.002	4.193646336216857	2.921547673876025	0.1360585138494172	500.0	1.6537154659094804	0.016753522781185606	0.0	1.0
332	0.00013026494559031425	30.380345203899104	1.9223717573789951	200.0	0.01	0.002	4.193646336216857	2.921547673876025	0.1360585138494172	500.0	4.7226088577898135	0.016753522781185606	1.0	1.0
333	0.00013026494559031425	52.330748615250265	1.9223717573789951	200.0	0.01	0.002	4.193646336216857	2.921547673876025	0.1360585138494172	500.0	4.7226088577898135	0.016753522781185606	1.0	1.0
334	0.00013026494559031425	61.6746717573527	1.9223717573789951	200.0	0.01	0.002	4.193646336216857	2.921547673876025	0.1360585138494172	500.0	4.7226088577898135	0.016753522781185606	1.0	1.0
335	0.00013026494559031425	72.26729501165805	1.9223717573789951	200.0	0.01	0.002	4.193646336216857	2.921547673876025	0.1360585138494172	500.0	4.7226088577898135	0.016753522781185606	1.0	1.0
336	0.00013026494559031425	75.22081622293734	1.9223717573789951	200.0	0.01	0.002	4.193646336216857	2.921547673876025	0.1360585138494172	500.0	4.7226088577898135	0.016753522781185606	1.0	1.0
337	0.00013026494559031425	78.72068411169188	1.9223717573789951	200.0	0.01	0.002	4.193646336216857	2.921547673876025	0.1360585138494172	500.0	4.7226088577898135	0.016753522781185606	1.0	1.0
338	1.000000116544458e-05	30.234673456745977	1.0723069736234536	200.0	0.01	0.002	7.102008331742646	6.624827652754239	0.1270241171871309	500.0	3.2443498376573308	0.08908465946488932	0.0	0.0
339	1.000000116544458e-05	33.164448975997836	1.0723069736234536	200.0	0.01	0.002	7.102008331742646	6.624827652754239	0.1270241171871309	500.0	3.2443498376573308	0.08908465946488932	0.0	0.0
340	1.000000116544458e-05	35.384623493599214	1.0723069736234536	200.0	0.01	0.002	7.102008331742646	6.624827652754239	0.1270241171871309	500.0	3.2443498376573308	0.08908465946488932	0.0	0.0
341	1.000000116544458e-05	38.633660566122316	1.0723069736234536	200.0	0.01	0.002	7.102008331742646	6.624827652754239	0.1270241171871309	500.0	3.2443498376573308	0.08908465946488932	0.0	0.0
342	1.000000116544458e-05	39.97181469547503	1.0723069736234536	200.0	0.01	0.002	7.102008331742646	6.624827652754239	0.1270241171871309	500.0	3.2443498376573308	0.08908465946488932	0.0	0.0
343	1.000000116544458e-05	56.48612793256832	1.0723069736234536	200.0	0.01	0.002	7.102008331742646	6.624827652754239	0.1270241171871309	500.0	3.2443498376573308	0.08908465946488932	0.0	0.0
344	1.000000116544458e-05	70.75450097240197	1.0723069736234536	200.0	0.01	0.002	7.102008331742646	6.624827652754239	0.1270241171871309	500.0	3.2443498376573308	0.08908465946488932	0.0	0.0
345	0.00034292339158021646	17.668753891416262	1.6736530828779235	200.0	0.01	0.002	6.3004073381537555	2.0613399508755776	0.621021270134094	500.0	6.665971363754955	0.01047291413981408	1.0	0.0
346	0.00034292339158021646	32.88621914983468	1.6736530828779235	200.0	0.01	0.002	6.3004073381537555	2.0613399508755776	0.621021270134094	500.0	6.665971363754955	0.01047291413981408	1.0	0.0
347	0.00034292339158021646	38.916148438967355	1.6736530828779235	200.0	0.01	0.002	6.3004073381537555	2.0613399508755776	0.621021270134094	500.0	6.665971363754955	0.01047291413981408	1.0	0.0
348	0.00034292339158021646	44.73260634731122	1.6736530828779235	200.0	0.01	0.002	6.3004073381537555	2.0613399508755776	0.621021270134094	500.0	6.665971363754955	0.01047291413981408	1.0	0.0
349	0.00034292339158021646	47.0732884302353	1.6736530828779235	200.0	0.01	0.002	6.3004073381537555	2.0613399508755776	0.621021270134094	500.0	6.665971363754955	0.01047291413981408	1.0	0.0
350	0.00034292339158021646	50.52322037966226	1.6736530828779235	200.0	0.01	0.002	6.3004073381537555	2.0613399508755776	0.621021270134094	500.0	6.665971363754955	0.01047291413981408	1.0	0.0
351	0.00013026494559031425	13.31927114835645	1.9223717573789951	200.0	0.01	0.002	4.193646336216857	2.921547673876025	0.1360585138494172	500.0	1.6537154659094804	0.016753522781185606	0.0	1.0
352	0.00013026494559031425	14.48441128037652	1.9223717573789951	200.0	0.01	0.002	4.193646336216857	2.921547673876025	0.1360585138494172	500.0	1.6537154659094804	0.016753522781185606	0.0	1.0
353	0.00013026494559031425	14.647078139911251	1.9223717573789951	200.0	0.01	0.002	4.193646336216857	2.921547673876025	0.1360585138494172	500.0	1.6537154659094804	0.016753522781185606	0.0	1.0
354	0.00013026494559031425	15.261960826211007	1.9223717573789951	200.0	0.01	0.002	4.193646336216857	2.921547673876025	0.1360585138494172	500.0	1.6537154659094804	0.016753522781185606	0.0	1.0
355	0.00013026494559031425	15.52627433232052	1.9223717573789951	200.0	0.01	0.002	4.193646336216857	2.921547673876025	0.1360585138494172	500.0	1.6537154659094804	0.016753522781185606	0.0	1.0
356	0.00013026494559031425	18.007308528664677	1.9223717573789951	200.0	0.01	0.002	4.193646336216857	2.921547673876025	0.1360585138494172	500.0	1.6537154659094804	0.016753522781185606	0.0	1.0
357	0.00013026494559031425	23.912331023805454	1.9223717573789951	200.0	0.01	0.002	4.193646336216857	2.921547673876025	0.1360585138494172	500.0	1.6537154659094804	0.016753522781185606	0.0	1.0
358	0.00013026494559031425	30.380345203899104	1.9223717573789951	200.0	0.01	0.002	4.193646336216857	2.921547673876025	0.1360585138494172	500.0	4.7226088577898135	0.016753522781185606	1.0	1.0
359	0.00013026494559031425	52.330748615250265	1.9223717573789951	200.0	0.01	0.002	4.193646336216857	2.921547673876025	0.1360585138494172	500.0	4.7226088577898135	0.016753522781185606	1.0	1.0
360	0.00013026494559031425	61.6746717573527	1.9223717573789951	200.0	0.01	0.002	4.193646336216857	2.921547673876025	0.1360585138494172	500.0	4.7226088577898135	0.016753522781185606	1.0	1.0
361	0.00013026494559031425	72.26729501165805	1.9223717573789951	200.0	0.01	0.002	4.193646336216857	2.921547673876025	0.1360585138494172	500.0	4.7226088577898135	0.016753522781185606	1.0	1.0
362	0.00013026494559031425	75.22081622293734	1.9223717573789951	200.0	0.01	0.002	4.193646336216857	2.921547673876025	0.1360585138494172	500.0	4.7226088577898135	0.016753522781185606	1.0	1.0
363	0.00013026494559031425	78.72068411169188	1.9223717573789951	200.0	0.01	0.002	4.193646336216857	2.921547673876025	0.1360585138494172	500.0	4.7226088577898135	0.016753522781185606	1.0	1.0
364	1.000000116544458e-05	30.234673456745977	1.0723069736234536	200.0	0.01	0.002	7.102008331742646	6.624827652754239	0.1270241171871309	500.0	3.2443498376573308	0.08908465946488932	0.0	0.0
365	1.000000116544458e-05	33.164448975997836	1.0723069736234536	200.0	0.01	0.002	7.102008331742646	6.624827652754239	0.1270241171871309	500.0	3.2443498376573308	0.08908465946488932	0.0	0.0
366	1.000000116544458e-05	35.384623493599214	1.0723069736234536	200.0	0.01	0.002	7.102008331742646	6.624827652754239	0.1270241171871309	500.0	3.2443498376573308	0.08908465946488932	0.0	0.0
367	1.000000116544458e-05	38.633660566122316	1.0723069736234536	200.0	0.01	0.002	7.102008331742646	6.624827652754239	0.1270241171871309	500.0	3.2443498376573308	0.08908465946488932	0.0	0.0
368	1.000000116544458e-05	39.97181469547503	1.0723069736234536	200.0	0.01	0.002	7.102008331742646	6.624827652754239	0.1270241171871309	500.0	3.2443498376573308	0.08908465946488932	0.0	0.0
369	1.000000116544458e-05	56.48612793256832	1.0723069736234536	200.0	0.01	0.002	7.102008331742646	6.624827652754239	0.1270241171871309	500.0	3.2443498376573308	0.08908465946488932	0.0	0.0
370	1.000000116544458e-05	70.75450097240197	1.0723069736234536	200.0	0.01	0.002	7.102008331742646	6.624827652754239	0.1270241171871309	500.0	3.2443498376573308	0.08908465946488932	0.0	0.0
371	0.00034292339158021646	17.668753891416262	1.6736530828779235	200.0	0.01	0.002	6.3004073381537555	2.0613399508755776	0.621021270134094	500.0	6.665971363754955	0.01047291413981408	1.0	0.0
372	0.00034292339158021646	32.88621914983468	1.6736530828779235	200.0	0.01	0.002	6.3004073381537555	2.0613399508755776	0.621021270134094	500.0	6.665971363754955	0.01047291413981408	1.0	0.0
373	0.00034292339158021646	38.916148438967355	1.6736530828779235	200.0	0.01	0.002	6.3004073381537555	2.0613399508755776	0.621021270134094	500.0	6.665971363754955	0.01047291413981408	1.0	0.0
374	0.00034292339158021646	44.73260634731122	1.6736530828779235	200.0	0.01	0.002	6.3004073381537555	2.0613399508755776	0.621021270134094	500.0	6.665971363754955	0.01047291413981408	1.0	0.0
375	0.00034292339158021646	47.0732884302353	1.6736530828779235	200.0	0.01	0.002	6.3004073381537555	2.0613399508755776	0.621021270134094	500.0	6.665971363754955	0.01047291413981408	1.0	0.0
376	0.00034292339158021646	50.52322037966226	1.6736530828779235	200.0	0.01	0.002	6.3004073381537555	2.0613399508755776	0.621021270134094	500.0	6.665971363754955	0.01047291413981408	1.0	0.0
377	0.00013026494559031425	13.31927114835645	1.9223717573789951	200.0	0.01	0.002	4.193646336216857	2.921547673876025	0.1360585138494172	500.0	1.6537154659094804	0.016753522781185606	0.0	1.0
378	0.00013026494559031425	14.48441128037652	1.9223717573789951	200.0	0.01	0.002	4.193646336216857	2.921547673876025	0.1360585138494172	500.0	1.6537154659094804	0.016753522781185606	0.0	1.0
379	0.00013026494559031425	14.647078139911251	1.9223717573789951	200.0	0.01	0.002	4.193646336216857	2.921547673876025	0.1360585138494172	500.0	1.6537154659094804	0.016753522781185606	0.0	1.0
380	0.00013026494559031425	15.261960826211007	1.9223717573789951	200.0	0.01	0.002	4.193646336216857	2.921547673876025	0.1360585138494172	500.0	1.6537154659094804	0.016753522781185606	0.0	1.0
381	0.00013026494559031425	15.52627433232052	1.9223717573789951	200.0	0.01	0.002	4.193646336216857	2.921547673876025	0.1360585138494172	500.0	1.6537154659094804	0.016753522781185606	0.0	1.0
382	0.00013026494559031425	18.007308528664677	1.9223717573789951	200.0	0.01	0.002	4.193646336216857	2.921547673876025	0.1360585138494172	500.0	1.6537154659094804	0.016753522781185606	0.0	1.0
383	0.00013026494559031425	23.912331023805454	1.9223717573789951	200.0	0.01	0.002	4.193646336216857	2.921547673876025	0.1360585138494172	500.0	1.6537154659094804	0.016753522781185606	0.0	1.0
384	0.00013026494559031425	30.380345203899104	1.9223717573789951	200.0	0.01	0.002	4.193646336216857	2.921547673876025	0.1360585138494172	500.0	4.7226088577898135	0.016753522781185606	1.0	1.0
385	0.00013026494559031425	52.330748615250265	1.9223717573789951	200.0	0.01	0.002	4.193646336216857	2.921547673876025	0.1360585138494172	500.0	4.7226088577898135	0.016753522781185606	1.0	1.0
386	0.00013026494559031425	61.6746717573527	1.9223717573789951	200.0	0.01	0.002	4.193646336216857	2.921547673876025	0.1360585138494172	500.0	4.7226088577898135	0.016753522781185606	1.0	1.0
387	0.00013026494559031425	72.26729501165805	1.9223717573789951	200.0	0.01	0.002	4.193646336216857	2.921547673876025	0.1360585138494172	500.0	4.7226088577898135	0.016753522781185606	1.0	1.0
388	0.00013026494559031425	75.22081622293734	1.9223717573789951	200.0	0.01	0.002	4.193646336216857	2.921547673876025	0.1360585138494172	500.0	4.7226088577898135	0.016753522781185606	1.0	1.0
389	0.00013026494559031425	78.72068411169188	1.9223717573789951	200.0	0.01	0.002	4.193646336216857	2.921547673876025	0.1360585138494172	500.0	4.7226088577898135	0.016753522781185606	1.0	1.0
390	1.000000116544458e-05	30.234673456745977	1.0723069736234536	200.0	0.01	0.002	7.102008331742646	6.624827652754239	0.1270241171871309	500.0	3.2443498376573308	0.08908465946488932	0.0	0.0
391	1.000000116544458e-05	33.164448975997836	1.0723069736234536	200.0	0.01	0.002	7.102008331742646	6.624827652754239	0.1270241171871309	500.0	3.2443498376573308	0.08908465946488932	0.0	0.0
392	1.000000116544458e-05	35.384623493599214	1.0723069736234536	200.0	0.01	0.002	7.102008331742646	6.624827652754239	0.1270241171871309	500.0	3.2443498376573308	0.08908465946488932	0.0	0.0
393	1.000000116544458e-05	38.633660566122316	1.0723069736234536	200.0	0.01	0.002	7.102008331742646	6.624827652754239	0.1270241171871309	500.0	3.2443498376573308	0.08908465946488932	0.0	0.0
394	1.000000116544458e-05	39.97181469547503	1.0723069736234536	200.0	0.01	0.002	7.102008331742646	6.624827652754239	0.1270241171871309	500.0	3.2443498376573308	0.08908465946488932	0.0	0.0
395	1.000000116544458e-05	56.48612793256832	1.0723069736234536	200.0	0.01	0.002	7.102008331742646	6.624827652754239	0.1270241171871309	500.0	3.2443498376573308	0.08908465946488932	0.0	0.0
396	1.000000116544458e-05	70.75450097240197	1.0723069736234536	200.0	0.01	0.002	7.102008331742646	6.624827652754239	0.1270241171871309	500.0	3.2443498376573308	0.08908465946488932	0.0	0.0
397	0.00034292339158021646	17.668753891416262	1.6736530828779235	200.0	0.01	0.002	6.3004073381537555	2.0613399508755776	0.621021270134094	500.0	6.665971363754955	0.01047291413981408	1.0	0.0
398	0.00034292339158021646	32.88621914983468	1.6736530828779235	200.0	0.01	0.002	6.3004073381537555	2.0613399508755776	0.621021270134094	500.0	6.665971363754955	0.01047291413981408	1.0	0.0
399	0.00034292339158021646	38.916148438967355	1.6736530828779235	200.0	0.01	0.002	6.3004073381537555	2.0613399508755776	0.621021270134094	500.0	6.665971363754955	0.01047291413981408	1.0	0.0
400	0.00034292339158021646	44.73260634731122	1.6736530828779235	200.0	0.01	0.002	6.3004073381537555	2.0613399508755776	0.621021270134094	500.0	6.665971363754955	0.01047291413981408	1.0	0.0
401	0.00034292339158021646	47.0732884302353	1.6736530828779235	200.0	0.01	0.002	6.3004073381537555	2.0613399508755776	0.621021270134094	500.0	6.665971363754955	0.01047291413981408	1.0	0.0
402	0.00034292339158021646	50.52322037966226	1.6736530828779235	200.0	0.01	0.002	6.3004073381537555	2.0613399508755776	0.621021270134094	500.0	6.665971363754955	0.01047291413981408	1.0	0.0
403	0.00013026494559031425	13.31927114835645	1.9223717573789951	200.0	0.01	0.002	4.193646336216857	2.921547673876025	0.1360585138494172	500.0	1.6537154659094804	0.016753522781185606	0.0	1.0
404	0.00013026494559031425	14.48441128037652	1.9223717573789951	200.0	0.01	0.002	4.193646336216857	2.921547673876025	0.1360585138494172	500.0	1.6537154659094804	0.016753522781185606	0.0	1.0
405	0.00013026494559031425	14.647078139911251	1.9223717573789951	200.0	0.01	0.002	4.193646336216857	2.921547673876025	0.1360585138494172	500.0	1.6537154659094804	0.016753522781185606	0.0	1.0
406	0.00013026494559031425	15.261960826211007	1.9223717573789951	200.0	0.01	0.002	4.193646336216857	2.921547673876025	0.1360585138494172	500.0	1.6537154659094804	0.016753522781185606	0.0	1.0
407	0.00013026494559031425	15.52627433232052	1.9223717573789951	200.0	0.01	0.002	4.193646336216857	2.921547673876025	0.1360585138494172	500.0	1.6537154659094804	0.016753522781185606	0.0	1.0
408	0.00013026494559031425	18.007308528664677	1.9223717573789951	200.0	0.01	0.002	4.193646336216857	2.921547673876025	0.1360585138494172	500.0	1.6537154659094804	0.016753522781185606	0.0	1.0
409	0.00013026494559031425	23.912331023805454	1.9223717573789951	200.0	0.01	0.002	4.193646336216857	2.921547673876025	0.1360585138494172	500.0	1.6537154659094804	0.016753522781185606	0.0	1.0
410	0.00013026494559031425	30.380345203899104	1.9223717573789951	200.0	0.01	0.002	4.193646336216857	2.921547673876025	0.1360585138494172	500.0	4.7226088577898135	0.016753522781185606	1.0	1.0
411	0.00013026494559031425	52.330748615250265	1.9223717573789951	200.0	0.01	0.002	4.193646336216857	2.921547673876025	0.1360585138494172	500.0	4.7226088577898135	0.016753522781185606	1.0	1.0
412	0.00013026494559031425	61.6746717573527	1.9223717573789951	200.0	0.01	0.002	4.193646336216857	2.921547673876025	0.1360585138494172	500.0	4.7226088577898135	0.016753522781185606	1.0	1.0
413	0.00013026494559031425	72.26729501165805	1.9223717573789951	200.0	0.01	0.002	4.193646336216857	2.921547673876025	0.1360585138494172	500.0	4.7226088577898135	0.016753522781185606	1.0	1.0
414	0.00013026494559031425	75.22081622293734	1.9223717573789951	200.0	0.01	0.002	4.193646336216857	2.921547673876025	0.1360585138494172	500.0	4.7226088577898135	0.016753522781185606	1.0	1.0
415	0.00013026494559031425	78.72068411169188	1.9223717573789951	200.0	0.01	0.002	4.193646336216857	2.921547673876025	0.1360585138494172	500.0	4.7226088577898135	0.016753522781185606	1.0	1.0
416	1.000000116544458e-05	30.234673456745977	1.0723069736234536	200.0	0.01	0.002	7.102008331742646	6.624827652754239	0.1270241171871309	500.0	3.2443498376573308	0.08908465946488932	0.0	0.0
417	1.000000116544458e-05	33.164448975997836	1.0723069736234536	200.0	0.01	0.002	7.102008331742646	6.624827652754239	0.1270241171871309	500.0	3.2443498376573308	0.08908465946488932	0.0	0.0
418	1.000000116544458e-05	35.384623493599214	1.0723069736234536	200.0	0.01	0.002	7.102008331742646	6.624827652754239	0.1270241171871309	500.0	3.2443498376573308	0.08908465946488932	0.0	0.0
419	1.000000116544458e-05	38.633660566122316	1.0723069736234536	200.0	0.01	0.002	7.102008331742646	6.624827652754239	0.1270241171871309	500.0	3.2443498376573308	0.08908465946488932	0.0	0.0
420	1.000000116544458e-05	39.97181469547503	1.0723069736234536	200.0	0.01	0.002	7.102008331742646	6.624827652754239	0.1270241171871309	500.0	3.2443498376573308	0.08908465946488932	0.0	0.0
421	1.000000116544458e-05	56.48612793256832	1.0723069736234536	200.0	0.01	0.002	7.102008331742646	6.624827652754239	0.1270241171871309	500.0	3.2443498376573308	0.08908465946488932	0.0	0.0
422	1.000000116544458e-05	70.75450097240197	1.0723069736234536	200.0	0.01	0.002	7.102008331742646	6.624827652754239	0.1270241171871309	500.0	3.2443498376573308	0.08908465946488932	0.0	0.0
423	0.00034292339158021646	17.668753891416262	1.6736530828779235	200.0	0.01	0.002	6.3004073381537555	2.0613399508755776	0.621021270134094	500.0	6.665971363754955	0.01047291413981408	1.0	0.0
424	0.00034292339158021646	32.88621914983468	1.6736530828779235	200.0	0.01	0.002	6.3004073381537555	2.0613399508755776	0.621021270134094	500.0	6.665971363754955	0.01047291413981408	1.0	0.0
425	0.00034292339158021646	38.916148438967355	1.6736530828779235	200.0	0.01	0.002	6.3004073381537555	2.0613399508755776	0.621021270134094	500.0	6.665971363754955	0.01047291413981408	1.0	0.0
426	0.00034292339158021646	44.73260634731122	1.6736530828779235	200.0	0.01	0.002	6.3004073381537555	2.0613399508755776	0.621021270134094	500.0	6.665971363754955	0.01047291413981408	1.0	0.0
427	0.00034292339158021646	47.0732884302353	1.6736530828779235	200.0	0.01	0.002	6.3004073381537555	2.0613399508755776	0.621021270134094	500.0	6.665971363754955	0.01047291413981408	1.0	0.0
428	0.00034292339158021646	50.52322037966226	1.6736530828779235	200.0	0.01	0.002	6.3004073381537555	2.0613399508755776	0.621021270134094	500.0	6.665971363754955	0.01047291413981408	1.0	0.0
429	0.00013026494559031425	13.31927114835645	1.9223717573789951	200.0	0.01	0.002	4.193646336216857	2.921547673876025	0.1360585138494172	500.0	1.6537154659094804	0.016753522781185606	0.0	1.0
430	0.00013026494559031425	14.48441128037652	1.9223717573789951	200.0	0.01	0.002	4.193646336216857	2.921547673876025	0.1360585138494172	500.0	1.6537154659094804	0.016753522781185606	0.0	1.0
431	0.00013026494559031425	14.647078139911251	1.9223717573789951	200.0	0.01	0.002	4.193646336216857	2.921547673876025	0.1360585138494172	500.0	1.6537154659094804	0.016753522781185606	0.0	1.0
432	0.00013026494559031425	15.261960826211007	1.9223717573789951	200.0	0.01	0.002	4.193646336216857	2.921547673876025	0.1360585138494172	500.0	1.6537154659094804	0.016753522781185606	0.0	1.0
433	0.00013026494559031425	15.52627433232052	1.9223717573789951	200.0	0.01	0.002	4.193646336216857	2.921547673876025	0.1360585138494172	500.0	1.6537154659094804	0.016753522781185606	0.0	1.0
434	0.00013026494559031425	18.007308528664677	1.9223717573789951	200.0	0.01	0.002	4.193646336216857	2.921547673876025	0.1360585138494172	500.0	1.6537154659094804	0.016753522781185606	0.0	1.0
435	0.00013026494559031425	23.912331023805454	1.9223717573789951	200.0	0.01	0.002	4.193646336216857	2.921547673876025	0.1360585138494172	500.0	1.6537154659094804	0.016753522781185606	0.0	1.0
436	0.00013026494559031425	30.380345203899104	1.9223717573789951	200.0	0.01	0.002	4.193646336216857	2.921547673876025	0.1360585138494172	500.0	4.7226088577898135	0.016753522781185606	1.0	1.0
437	0.00013026494559031425	52.330748615250265	1.9223717573789951	200.0	0.01	0.002	4.193646336216857	2.921547673876025	0.1360585138494172	500.0	4.7226088577898135	0.016753522781185606	1.0	1.0
438	0.00013026494559031425	61.6746717573527	1.9223717573789951	200.0	0.01	0.002	4.193646336216857	2.921547673876025	0.1360585138494172	500.0	4.7226088577898135	0.016753522781185606	1.0	1.0
439	0.00013026494559031425	72.26729501165805	1.9223717573789951	200.0	0.01	0.002	4.193646336216857	2.921547673876025	0.1360585138494172	500.0	4.7226088577898135	0.016753522781185606	1.0	1.0
440	0.00013026494559031425	75.22081622293734	1.9223717573789951	200.0	0.01	0.002	4.193646336216857	2.921547673876025	0.1360585138494172	500.0	4.7226088577898135	0.016753522781185606	1.0	1.0
441	0.00013026494559031425	78.72068411169188	1.9223717573789951	200.0	0.01	0.002	4.193646336216857	2.921547673876025	0.1360585138494172	500.0	4.7226088577898135	0.016753522781185606	1.0	1.0
442	1.000000116544458e-05	30.234673456745977	1.0723069736234536	200.0	0.01	0.002	7.102008331742646	6.624827652754239	0.1270241171871309	500.0	3.2443498376573308	0.08908465946488932	0.0	0.0
443	1.000000116544458e-05	33.164448975997836	1.0723069736234536	200.0	0.01	0.002	7.102008331742646	6.624827652754239	0.1270241171871309	500.0	3.2443498376573308	0.08908465946488932	0.0	0.0
444	1.000000116544458e-05	35.384623493599214	1.0723069736234536	200.0	0.01	0.002	7.102008331742646	6.624827652754239	0.1270241171871309	500.0	3.2443498376573308	0.08908465946488932	0.0	0.0
445	1.000000116544458e-05	38.633660566122316	1.0723069736234536	200.0	0.01	0.002	7.102008331742646	6.624827652754239	0.1270241171871309	500.0	3.2443498376573308	0.08908465946488932	0.0	0.0
446	1.000000116544458e-05	39.97181469547503	1.0723069736234536	200.0	0.01	0.002	7.102008331742646	6.624827652754239	0.1270241171871309	500.0	3.2443498376573308	0.08908465946488932	0.0	0.0
447	1.000000116544458e-05	56.48612793256832	1.0723069736234536	200.0	0.01	0.002	7.102008331742646	6.624827652754239	0.1270241171871309	500.0	3.2443498376573308	0.08908465946488932	0.0	0.0
448	1.000000116544458e-05	70.75450097240197	1.0723069736234536	200.0	0.01	0.002	7.102008331742646	6.624827652754239	0.1270241171871309	500.0	3.2443498376573308	0.08908465946488932	0.0	0.0
449	0.00034292339158021646	17.668753891416262	1.6736530828779235	200.0	0.01	0.002	6.3004073381537555	2.0613399508755776	0.621021270134094	500.0	6.665971363754955	0.01047291413981408	1.0	0.0
450	0.00034292339158021646	32.88621914983468	1.6736530828779235	200.0	0.01	0.002	6.3004073381537555	2.0613399508755776	0.621021270134094	500.0	6.665971363754955	0.01047291413981408	1.0	0.0
451	0.00034292339158021646	38.916148438967355	1.6736530828779235	200.0	0.01	0.002	6.3004073381537555	2.0613399508755776	0.621021270134094	500.0	6.665971363754955	0.01047291413981408	1.0	0.0
452	0.00034292339158021646	44.73260634731122	1.6736530828779235	200.0	0.01	0.002	6.3004073381537555	2.0613399508755776	0.621021270134094	500.0	6.665971363754955	0.01047291413981408	1.0	0.0
453	0.00034292339158021646	47.0732884302353	1.6736530828779235	200.0	0.01	0.002	6.3004073381537555	2.0613399508755776	0.621021270134094	500.0	6.665971363754955	0.01047291413981408	1.0	0.0
454	0.00034292339158021646	50.52322037966226	1.6736530828779235	200.0	0.01	0.002	6.3004073381537555	2.0613399508755776	0.621021270134094	500.0	6.665971363754955	0.01047291413981408	1.0	0.0
455	0.00013026494559031425	13.31927114835645	1.9223717573789951	200.0	0.01	0.002	4.193646336216857	2.921547673876025	0.1360585138494172	500.0	1.6537154659094804	0.016753522781185606	0.0	1.0
456	0.00013026494559031425	14.48441128037652	1.9223717573789951	200.0	0.01	0.002	4.193646336216857	2.921547673876025	0.1360585138494172	500.0	1.6537154659094804	0.016753522781185606	0.0	1.0
457	0.00013026494559031425	14.647078139911251	1.9223717573789951	200.0	0.01	0.002	4.193646336216857	2.921547673876025	0.1360585138494172	500.0	1.6537154659094804	0.016753522781185606	0.0	1.0
458	0.00013026494559031425	15.261960826211007	1.9223717573789951	200.0	0.01	0.002	4.193646336216857	2.921547673876025	0.1360585138494172	500.0	1.6537154659094804	0.016753522781185606	0.0	1.0
459	0.00013026494559031425	15.52627433232052	1.9223717573789951	200.0	0.01	0.002	4.193646336216857	2.921547673876025	0.1360585138494172	500.0	1.6537154659094804	0.016753522781185606	0.0	1.0
460	0.00013026494559031425	18.007308528664677	1.9223717573789951	200.0	0.01	0.002	4.193646336216857	2.921547673876025	0.1360585138494172	500.0	1.6537154659094804	0.016753522781185606	0.0	1.0
461	0.00013026494559031425	23.912331023805454	1.9223717573789951	200.0	0.01	0.002	4.193646336216857	2.921547673876025	0.1360585138494172	500.0	1.6537154659094804	0.016753522781185606	0.0	1.0
462	0.00013026494559031425	30.380345203899104	1.9223717573789951	200.0	0.01	0.002	4.193646336216857	2.921547673876025	0.1360585138494172	500.0	4.7226088577898135	0.016753522781185606	1.0	1.0
463	0.00013026494559031425	52.330748615250265	1.9223717573789951	200.0	0.01	0.002	4.193646336216857	2.921547673876025	0.1360585138494172	500.0	4.7226088577898135	0.016753522781185606	1.0	1.0
464	0.00013026494559031425	61.6746717573527	1.9223717573789951	200.0	0.01	0.002	4.193646336216857	2.921547673876025	0.1360585138494172	500.0	4.7226088577898135	0.016753522781185606	1.0	1.0
465	0.00013026494559031425	72.26729501165805	1.9223717573789951	200.0	0.01	0.002	4.193646336216857	2.921547673876025	0.1360585138494172	500.0	4.7226088577898135	0.016753522781185606	1.0	1.0
466	0.00013026494559031425	75.22081622293734	1.9223717573789951	200.0	0.01	0.002	4.193646336216857	2.921547673876025	0.1360585138494172	500.0	4.7226088577898135	0.016753522781185606	1.0	1.0
467	0.00013026494559031425	78.72068411169188	1.9223717573789951	200.0	0.01	0.002	4.193646336216857	2.921547673876025	0.1360585138494172	500.0	4.7226088577898135	0.016753522781185606	1.0	1.0
468	1.000000116544458e-05	30.234673456745977	1.0723069736234536	200.0	0.01	0.002	7.102008331742646	6.624827652754239	0.1270241171871309	500.0	3.2443498376573308	0.08908465946488932	0.0	0.0
469	1.000000116544458e-05	33.164448975997836	1.0723069736234536	200.0	0.01	0.002	7.102008331742646	6.624827652754239	0.1270241171871309	500.0	3.2443498376573308	0.08908465946488932	0.0	0.0
470	1.000000116544458e-05	35.384623493599214	1.0723069736234536	200.0	0.01	0.002	7.102008331742646	6.624827652754239	0.1270241171871309	500.0	3.2443498376573308	0.08908465946488932	0.0	0.0
471	1.000000116544458e-05	38.633660566122316	1.0723069736234536	200.0	0.01	0.002	7.102008331742646	6.624827652754239	0.1270241171871309	500.0	3.2443498376573308	0.08908465946488932	0.0	0.0
472	1.000000116544458e-05	39.97181469547503	1.0723069736234536	200.0	0.01	0.002	7.102008331742646	6.624827652754239	0.1270241171871309	500.0	3.2443498376573308	0.08908465946488932	0.0	0.0
473	1.000000116544458e-05	56.48612793256832	1.0723069736234536	200.0	0.01	0.002	7.102008331742646	6.624827652754239	0.1270241171871309	500.0	3.2443498376573308	0.08908465946488932	0.0	0.0
474	1.000000116544458e-05	70.75450097240197	1.0723069736234536	200.0	0.01	0.002	7.102008331742646	6.624827652754239	0.1270241171871309	500.0	3.2443498376573308	0.08908465946488932	0.0	0.0
475	0.00034292339158021646	17.668753891416262	1.6736530828779235	200.0	0.01	0.002	6.3004073381537555	2.0613399508755776	0.621021270134094	500.0	6.665971363754955	0.01047291413981408	1.0	0.0
476	0.00034292339158021646	32.88621914983468	1.6736530828779235	200.0	0.01	0.002	6.3004073381537555	2.0613399508755776	0.621021270134094	500.0	6.665971363754955	0.01047291413981408	1.0	0.0
477	0.00034292339158021646	38.916148438967355	1.6736530828779235	200.0	0.01	0.002	6.3004073381537555	2.0613399508755776	0.621021270134094	500.0	6.665971363754955	0.01047291413981408	1.0	0.0
478	0.00034292339158021646	44.73260634731122	1.6736530828779235	200.0	0.01	0.002	6.3004073381537555	2.0613399508755776	0.621021270134094	500.0	6.665971363754955	0.01047291413981408	1.0	0.0
479	0.00034292339158021646	47.0732884302353	1.6736530828779235	200.0	0.01	0.002	6.3004073381537555	2.0613399508755776	0.621021270134094	500.0	6.665971363754955	0.01047291413981408	1.0	0.0
480	0.00034292339158021646	50.52322037966226	1.6736530828779235	200.0	0.01	0.002	6.3004073381537555	2.0613399508755776	0.621021270134094	500.0	6.665971363754955	0.01047291413981408	1.0	0.0
481	0.00013026494559031425	13.31927114835645	1.9223717573789951	200.0	0.01	0.002	4.193646336216857	2.921547673876025	0.1360585138494172	500.0	1.6537154659094804	0.016753522781185606	0.0	1.0
482	0.00013026494559031425	14.48441128037652	1.9223717573789951	200.0	0.01	0.002	4.193646336216857	2.921547673876025	0.1360585138494172	500.0	1.6537154659094804	0.016753522781185606	0.0	1.0
483	0.00013026494559031425	14.647078139911251	1.9223717573789951	200.0	0.01	0.002	4.193646336216857	2.921547673876025	0.1360585138494172	500.0	1.6537154659094804	0.016753522781185606	0.0	1.0
484	0.00013026494559031425	15.261960826211007	1.9223717573789951	200.0	0.01	0.002	4.193646336216857	2.921547673876025	0.1360585138494172	500.0	1.6537154659094804	0.016753522781185606	0.0	1.0
485	0.00013026494559031425	15.52627433232052	1.9223717573789951	200.0	0.01	0.002	4.193646336216857	2.921547673876025	0.1360585138494172	500.0	1.6537154659094804	0.016753522781185606	0.0	1.0
486	0.00013026494559031425	18.007308528664677	1.9223717573789951	200.0	0.01	0.002	4.193646336216857	2.921547673876025	0.1360585138494172	500.0	1.6537154659094804	0.016753522781185606	0.0	1.0
487	0.00013026494559031425	23.912331023805454	1.9223717573789951	200.0	0.01	0.002	4.193646336216857	2.921547673876025	0.1360585138494172	500.0	1.6537154659094804	0.016753522781185606	0.0	1.0
488	0.00013026494559031425	30.380345203899104	1.9223717573789951	200.0	0.01	0.002	4.193646336216857	2.921547673876025	0.1360585138494172	500.0	4.7226088577898135	0.016753522781185606	1.0	1.0
489	0.00013026494559031425	52.330748615250265	1.9223717573789951	200.0	0.01	0.002	4.193646336216857	2.921547673876025	0.1360585138494172	500.0	4.7226088577898135	0.016753522781185606	1.0	1.0
490	0.00013026494559031425	61.6746717573527	1.9223717573789951	200.0	0.01	0.002	4.193646336216857	2.921547673876025	0.1360585138494172	500.0	4.7226088577898135	0.016753522781185606	1.0	1.0
491	0.00013026494559031425	72.26729501165805	1.9223717573789951	200.0	0.01	0.002	4.193646336216857	2.921547673876025	0.1360585138494172	500.0	4.7226088577898135	0.016753522781185606	1.0	1.0
492	0.00013026494559031425	75.22081622293734	1.9223717573789951	200.0	0.01	0.002	4.193646336216857	2.921547673876025	0.1360585138494172	500.0	4.7226088577898135	0.016753522781185606	1.0	1.0
493	0.00013026494559031425	78.72068411169188	1.9223717573789951	200.0	0.01	0.002	4.193646336216857	2.921547673876025	0.1360585138494172	500.0	4.7226088577898135	0.016753522781185606	1.0	1.0
494	1.000000116544458e-05	30.234673456745977	1.0723069736234536	200.0	0.01	0.002	7.102008331742646	6.624827652754239	0.1270241171871309	500.0	3.2443498376573308	0.08908465946488932	0.0	0.0
495	1.000000116544458e-05	33.164448975997836	1.0723069736234536	200.0	0.01	0.002	7.102008331742646	6.624827652754239	0.1270241171871309	500.0	3.2443498376573308	0.08908465946488932	0.0	0.0
496	1.000000116544458e-05	35.384623493599214	1.0723069736234536	200.0	0.01	0.002	7.102008331742646	6.624827652754239	0.1270241171871309	500.0	3.2443498376573308	0.08908465946488932	0.0	0.0
497	1.000000116544458e-05	38.633660566122316	1.0723069736234536	200.0	0.01	0.002	7.102008331742646	6.624827652754239	0.1270241171871309	500.0	3.2443498376573308	0.08908465946488932	0.0	0.0
498	1.000000116544458e-05	39.97181469547503	1.0723069736234536	200.0	0.01	0.002	7.102008331742646	6.624827652754239	0.1270241171871309	500.0	3.2443498376573308	0.08908465946488932	0.0	0.0
499	1.000000116544458e-05	56.48612793256832	1.0723069736234536	200.0	0.01	0.002	7.102008331742646	6.624827652754239	0.1270241171871309	500.0	3.2443498376573308	0.08908465946488932	0.0	0.0
500	1.000000116544458e-05	70.75450097240197	1.0723069736234536	200.0	0.01	0.002	7.102008331742646	6.624827652754239	0.1270241171871309	500.0	3.2443498376573308	0.08908465946488932	0.0	0.0
501	0.00034292339158021646	17.668753891416262	1.6736530828779235	200.0	0.01	0.002	6.3004073381537555	2.0613399508755776	0.621021270134094	500.0	6.665971363754955	0.01047291413981408	1.0	0.0
502	0.00034292339158021646	32.88621914983468	1.6736530828779235	200.0	0.01	0.002	6.3004073381537555	2.0613399508755776	0.621021270134094	500.0	6.665971363754955	0.01047291413981408	1.0	0.0
503	0.00034292339158021646	38.916148438967355	1.6736530828779235	200.0	0.01	0.002	6.3004073381537555	2.0613399508755776	0.621021270134094	500.0	6.665971363754955	0.01047291413981408	1.0	0.0
504	0.00034292339158021646	44.73260634731122	1.6736530828779235	200.0	0.01	0.002	6.3004073381537555	2.0613399508755776	0.621021270134094	500.0	6.665971363754955	0.01047291413981408	1.0	0.0
505	0.00034292339158021646	47.0732884302353	1.6736530828779235	200.0	0.01	0.002	6.3004073381537555	2.0613399508755776	0.621021270134094	500.0	6.665971363754955	0.01047291413981408	1.0	0.0
506	0.00034292339158021646	50.52322037966226	1.6736530828779235	200.0	0.01	0.002	6.3004073381537555	2.0613399508755776	0.621021270134094	500.0	6.665971363754955	0.01047291413981408	1.0	0.0
507	0.00013026494559031425	13.31927114835645	1.9223717573789951	200.0	0.01	0.002	4.193646336216857	2.921547673876025	0.1360585138494172	500.0	1.6537154659094804	0.016753522781185606	0.0	1.0
508	0.00013026494559031425	14.48441128037652	1.9223717573789951	200.0	0.01	0.002	4.193646336216857	2.921547673876025	0.1360585138494172	500.0	1.6537154659094804	0.016753522781185606	0.0	1.0
509	0.00013026494559031425	14.647078139911251	1.9223717573789951	200.0	0.01	0.002	4.193646336216857	2.921547673876025	0.1360585138494172	500.0	1.6537154659094804	0.016753522781185606	0.0	1.0
510	0.00013026494559031425	15.261960826211007	1.9223717573789951	200.0	0.01	0.002	4.193646336216857	2.921547673876025	0.1360585138494172	500.0	1.6537154659094804	0.016753522781185606	0.0	1.0
511	0.00013026494559031425	15.52627433232052	1.9223717573789951	200.0	0.01	0.002	4.193646336216857	2.921547673876025	0.1360585138494172	500.0	1.6537154659094804	0.016753522781185606	0.0	1.0
512	0.00013026494559031425	18.007308528664677	1.9223717573789951	200.0	0.01	0.002	4.193646336216857	2.921547673876025	0.1360585138494172	500.0	1.6537154659094804	0.016753522781185606	0.0	1.0
513	0.00013026494559031425	23.912331023805454	1.9223717573789951	200.0	0.01	0.002	4.193646336216857	2.921547673876025	0.1360585138494172	500.0	1.6537154659094804	0.016753522781185606	0.0	1.0
514	0.00013026494559031425	30.380345203899104	1.9223717573789951	200.0	0.01	0.002	4.193646336216857	2.921547673876025	0.1360585138494172	500.0	4.7226088577898135	0.016753522781185606	1.0	1.0
515	0.00013026494559031425	52.330748615250265	1.9223717573789951	200.0	0.01	0.002	4.193646336216857	2.921547673876025	0.1360585138494172	500.0	4.7226088577898135	0.016753522781185606	1.0	1.0
516	0.00013026494559031425	61.6746717573527	1.9223717573789951	200.0	0.01	0.002	4.193646336216857	2.921547673876025	0.1360585138494172	500.0	4.7226088577898135	0.016753522781185606	1.0	1.0
517	0.00013026494559031425	72.26729501165805	1.9223717573789951	200.0	0.01	0.002	4.193646336216857	2.921547673876025	0.1360585138494172	500.0	4.7226088577898135	0.016753522781185606	1.0	1.0
518	0.00013026494559031425	75.22081622293734	1.9223717573789951	200.0	0.01	0.002	4.193646336216857	2.921547673876025	0.1360585138494172	500.0	4.7226088577898135	0.016753522781185606	1.0	1.0
519	0.00013026494559031425	78.72068411169188	1.9223717573789951	200.0	0.01	0.002	4.193646336216857	2.921547673876025	0.1360585138494172	500.0	4.7226088577898135	0.016753522781185606	1.0	1.0
