1	0	0	1.5443	1	1	1
1	0	1	7.6305	1	1	1
1	0	2	20.408	1	1	1
1	0	3	35.939	1	1	1
1	6	0	81.07	1	1	1
1	6	1	92.666	1	1	1
1	6	2	107.71	1	1	1
1	6	3	117.77	1	1	1
1	12	0	93.272	1	1	1
1	12	1	103.11	1	1	1
1	12	2	118.32	1	1	1
1	12	3	143.76	1	1	1
1	25	0	97.478	1	1	1
1	25	1	101.89	1	1	1
1	25	2	120.91	1	1	1
1	25	3	138.78	1	1	1
1	50	0	108.53	1	1	1
1	50	1	111.42	1	1	1
1	50	2	138.87	1	1	1
1	50	3	152.88	1	1	1
1	99	0	121.59	1	1	1
1	99	1	135.87	1	1	1
1	99	2	143.49	1	1	1
1	99	3	162.13	1	1	1
5	0	0	0	1	1	1
5	0	1	3.6731	1	1	1
5	0	2	94.924	1	1	1
5	0	3	188.73	1	1	1
5	6	0	6.2037	1	1	1
5	6	1	70.229	1	1	1
5	6	2	127.01	1	1	1
5	6	3	202.71	1	1	1
5	12	0	23.624	1	1	1
5	12	1	105.73	1	1	1
5	12	2	155.66	1	1	1
5	12	3	214.13	1	1	1
5	25	0	13.922	1	1	1
5	25	1	108.23	1	1	1
5	25	2	153.05	1	1	1
5	25	3	235.51	1	1	1
5	50	0	14.491	1	1	1
5	50	1	97.914	1	1	1
5	50	2	170.12	1	1	1
5	50	3	206.14	1	1	1
5	99	0	9.9591	1	1	1
5	99	1	79.412	1	1	1
5	99	2	147.81	1	1	1
5	99	3	212.63	1	1	1
7	0	0	1.281	1	1	1
7	0	1	8.0744	1	1	1
7	0	2	32.812	1	1	1
7	0	3	54.78	1	1	1
7	6	0	9.9502	1	1	1
7	6	1	31.103	1	1	1
7	6	2	38.644	1	1	1
7	6	3	50.055	1	1	1
7	12	0	6.4924	1	1	1
7	12	1	41.8	1	1	1
7	12	2	53.491	1	1	1
7	12	3	64.153	1	1	1
7	25	0	12.573	1	1	1
7	25	1	36.896	1	1	1
7	25	2	50.453	1	1	1
7	25	3	61.662	1	1	1
7	50	0	28.274	1	1	1
7	50	1	41.317	1	1	1
7	50	2	55.077	1	1	1
7	50	3	67.389	1	1	1
7	99	0	23.292	1	1	1
7	99	1	38.467	1	1	1
7	99	2	56.786	1	1	1
7	99	3	61.069	1	1	1
8	0	0	21.108	1	1	1
8	0	1	1.8365	1	1	1
8	0	2	0	1	1	1
8	0	3	0	1	1	1
8	6	0	33.69	1	1	1
8	6	1	2.8034	1	1	1
8	6	2	0	1	1	1
8	6	3	0	1	1	1
8	12	0	29.931	1	1	1
8	12	1	6.9136	1	1	1
8	12	2	1.8626	1	1	1
8	12	3	0	1	1	1
8	25	0	47.194	1	1	1
8	25	1	13.879	1	1	1
8	25	2	0.91827	1	1	1
8	25	3	2.7548	1	1	1
8	50	0	63.117	1	1	1
8	50	1	26.377	1	1	1
8	50	2	3.942	1	1	1
8	50	3	2.6282	1	1	1
8	99	0	58.174	1	1	1
8	99	1	31.945	1	1	1
8	99	2	12.008	1	1	1
8	99	3	5.5176	1	1	1
9	0	0	0	1	1	1
9	0	1	0.01914	1	1	1
9	0	2	0	1	1	1
9	0	3	0	1	1	1
9	6	0	26.22	1	1	1
9	6	1	21.906	1	1	1
9	6	2	16.55	1	1	1
9	6	3	8.1121	1	1	1
9	12	0	42.922	1	1	1
9	12	1	35.47	1	1	1
9	12	2	26.003	1	1	1
9	12	3	22.918	1	1	1
9	25	0	42.676	1	1	1
9	25	1	58.807	1	1	1
9	25	2	43.834	1	1	1
9	25	3	32.986	1	1	1
9	50	0	64.055	1	1	1
9	50	1	64.609	1	1	1
9	50	2	49.297	1	1	1
9	50	3	31.315	1	1	1
9	99	0	38.876	1	1	1
9	99	1	27.778	1	1	1
9	99	2	32.562	1	1	1
9	99	3	27.317	1	1	1
13	0	0	8.7302	1	0	1
13	0	1	4.6511	1	0	1
13	0	2	3.109	1	0	1
13	0	3	6.654	1	0	1
13	6	0	30.18	1	0	1
13	6	1	40.771	1	0	1
13	6	2	41.149	1	0	1
13	6	3	31.584	1	0	1
13	12	0	67.86	1	0	1
13	12	1	74.107	1	0	1
13	12	2	65.937	1	0	1
13	12	3	67.767	1	0	1
13	25	0	114.15	1	0	1
13	25	1	103.59	1	0	1
13	25	2	89.264	1	0	1
13	25	3	98.55	1	0	1
13	50	0	104.28	1	0	1
13	50	1	105.02	1	0	1
13	50	2	122.54	1	0	1
13	50	3	86.452	1	0	1
13	99	0	129.05	1	0	1
13	99	1	155.48	1	0	1
13	99	2	139.95	1	0	1
13	99	3	149.03	1	0	1
15	0	0	85.632	1	1	1
15	0	1	12.893	1	1	1
15	0	2	5.6477	1	1	1
15	0	3	0.10318	1	1	1
15	6	0	106.91	1	1	1
15	6	1	39.485	1	1	1
15	6	2	14.554	1	1	1
15	6	3	3.5456	1	1	1
15	12	0	111.19	1	1	1
15	12	1	50.926	1	1	1
15	12	2	30.666	1	1	1
15	12	3	23.032	1	1	1
15	25	0	129.05	1	1	1
15	25	1	74.724	1	1	1
15	25	2	42.696	1	1	1
15	25	3	23.563	1	1	1
15	50	0	113	1	1	1
15	50	1	71.425	1	1	1
15	50	2	43.906	1	1	1
15	50	3	29.004	1	1	1
15	99	0	116.87	1	1	1
15	99	1	81.479	1	1	1
15	99	2	59.87	1	1	1
15	99	3	44.249	1	1	1
16	0	0	32.903	1	1	1
16	0	1	29.609	1	1	1
16	0	2	36.89	1	1	1
16	0	3	40.883	1	1	1
16	6	0	33.662	1	1	1
16	6	1	25.464	1	1	1
16	6	2	30.081	1	1	1
16	6	3	44.498	1	1	1
16	12	0	34.776	1	1	1
16	12	1	29.027	1	1	1
16	12	2	33.395	1	1	1
16	12	3	40.688	1	1	1
16	25	0	36.458	1	1	1
16	25	1	27.202	1	1	1
16	25	2	25.1	1	1	1
16	25	3	39.344	1	1	1
16	50	0	35.529	1	1	1
16	50	1	29.639	1	1	1
16	50	2	31.062	1	1	1
16	50	3	35.304	1	1	1
16	99	0	49.722	1	1	1
16	99	1	35.974	1	1	1
16	99	2	41.607	1	1	1
16	99	3	43.876	1	1	1
17	0	0	15.453	1	1	1
17	0	1	23.031	1	1	1
17	0	2	28.289	1	1	1
17	0	3	26.923	1	1	1
17	6	0	22.808	1	1	1
17	6	1	36.882	1	1	1
17	6	2	36.309	1	1	1
17	6	3	34.159	1	1	1
17	12	0	22.694	1	1	1
17	12	1	37.764	1	1	1
17	12	2	37.838	1	1	1
17	12	3	35.249	1	1	1
17	25	0	24.49	1	1	1
17	25	1	38.833	1	1	1
17	25	2	36.283	1	1	1
17	25	3	46.707	1	1	1
17	50	0	52.556	1	1	1
17	50	1	43.237	1	1	1
17	50	2	36.439	1	1	1
17	50	3	38.334	1	1	1
17	99	0	43.531	1	1	1
17	99	1	39.066	1	1	1
17	99	2	37.468	1	1	1
17	99	3	28.548	1	1	1
18	0	0	10.278	1	0	1
18	0	1	7.1563	1	0	1
18	0	2	10.924	1	0	1
18	0	3	13.431	1	0	1
18	6	0	9.3033	1	0	1
18	6	1	11.015	1	0	1
18	6	2	4.4909	1	0	1
18	6	3	7.8169	1	0	1
18	12	0	13.428	1	0	1
18	12	1	10.676	1	0	1
18	12	2	10.822	1	0	1
18	12	3	13.714	1	0	1
18	25	0	22.458	1	0	1
18	25	1	14.577	1	0	1
18	25	2	21.92	1	0	1
18	25	3	8.5904	1	0	1
18	50	0	25.035	1	0	1
18	50	1	26.636	1	0	1
18	50	2	18.541	1	0	1
18	50	3	22.152	1	0	1
18	99	0	28.172	1	0	1
18	99	1	23.735	1	0	1
18	99	2	11.824	1	0	1
18	99	3	18.908	1	0	1
19	0	0	0	1	1	1
19	0	1	0	1	1	1
19	0	2	0	1	1	1
19	0	3	0	1	1	1
19	6	0	0	1	1	1
19	6	1	0	1	1	1
19	6	2	0	1	1	1
19	6	3	0	1	1	1
19	12	0	15.012	1	1	1
19	12	1	3.831	1	1	1
19	12	2	1.7009	1	1	1
19	12	3	0	1	1	1
19	25	0	23.983	1	1	1
19	25	1	10.21	1	1	1
19	25	2	3.8925	1	1	1
19	25	3	0.020507	1	1	1
19	50	0	23.918	1	1	1
19	50	1	15.721	1	1	1
19	50	2	5.7816	1	1	1
19	50	3	4.8977	1	1	1
19	99	0	35.409	1	1	1
19	99	1	12.384	1	1	1
19	99	2	17.34	1	1	1
19	99	3	8.1577	1	1	1
21	0	0	7.0167	1	1	1
21	0	1	0	1	1	1
21	0	2	0	1	1	1
21	0	3	0.94437	1	1	1
21	6	0	10.681	1	1	1
21	6	1	0.91827	1	1	1
21	6	2	0	1	1	1
21	6	3	0	1	1	1
21	12	0	13.799	1	1	1
21	12	1	3.4003	1	1	1
21	12	2	0	1	1	1
21	12	3	3.5947	1	1	1
21	25	0	18.388	1	1	1
21	25	1	10.803	1	1	1
21	25	2	14.516	1	1	1
21	25	3	13.752	1	1	1
21	50	0	35.063	1	1	1
21	50	1	26.681	1	1	1
21	50	2	40.97	1	1	1
21	50	3	25.638	1	1	1
21	99	0	53.971	1	1	1
21	99	1	35.407	1	1	1
21	99	2	43.651	1	1	1
21	99	3	45.149	1	1	1
23	0	0	21.428	1	1	1
23	0	1	30.576	1	1	1
23	0	2	24.828	1	1	1
23	0	3	54.886	1	1	1
23	6	0	42.869	1	1	1
23	6	1	41.91	1	1	1
23	6	2	60.189	1	1	1
23	6	3	78.176	1	1	1
23	12	0	35.354	1	1	1
23	12	1	33.95	1	1	1
23	12	2	35.559	1	1	1
23	12	3	74.473	1	1	1
23	25	0	24.553	1	1	1
23	25	1	30.229	1	1	1
23	25	2	23.879	1	1	1
23	25	3	64.695	1	1	1
23	50	0	14.243	1	1	1
23	50	1	23.478	1	1	1
23	50	2	25.289	1	1	1
23	50	3	56.42	1	1	1
23	99	0	27.634	1	1	1
23	99	1	34.99	1	1	1
23	99	2	61.217	1	1	1
23	99	3	77.055	1	1	1
25	0	0	28.772	1	1	1
25	0	1	4.2286	1	1	1
25	0	2	2.7548	1	1	1
25	0	3	5.5096	1	1	1
25	6	0	25.138	1	1	1
25	6	1	7.3749	1	1	1
25	6	2	7.1153	1	1	1
25	6	3	6.4747	1	1	1
25	12	0	28.485	1	1	1
25	12	1	25.412	1	1	1
25	12	2	23.098	1	1	1
25	12	3	22.156	1	1	1
25	25	0	42.376	1	1	1
25	25	1	23.261	1	1	1
25	25	2	22.336	1	1	1
25	25	3	27.776	1	1	1
25	50	0	50.352	1	1	1
25	50	1	37.62	1	1	1
25	50	2	38.439	1	1	1
25	50	3	29.166	1	1	1
25	99	0	54.57	1	1	1
25	99	1	55.961	1	1	1
25	99	2	53.23	1	1	1
25	99	3	50.871	1	1	1
27	0	0	0	1	0	1
27	0	1	0	1	0	1
27	0	2	0	1	0	1
27	0	3	0	1	0	1
27	6	0	21.254	1	0	1
27	6	1	11.588	1	0	1
27	6	2	31.337	1	0	1
27	6	3	21.798	1	0	1
27	12	0	22.916	1	0	1
27	12	1	48.851	1	0	1
27	12	2	54.364	1	0	1
27	12	3	47.063	1	0	1
27	25	0	24.206	1	0	1
27	25	1	27.575	1	0	1
27	25	2	39.738	1	0	1
27	25	3	36.314	1	0	1
27	50	0	43.813	1	0	1
27	50	1	13.293	1	0	1
27	50	2	24.09	1	0	1
27	50	3	28.819	1	0	1
27	99	0	21.739	1	0	1
27	99	1	25.939	1	0	1
27	99	2	33.079	1	0	1
27	99	3	25.135	1	0	1
28	0	0	0	1	1	1
28	0	1	0	1	1	1
28	0	2	0	1	1	1
28	0	3	0	1	1	1
28	6	0	32.869	1	1	1
28	6	1	25.838	1	1	1
28	6	2	23.844	1	1	1
28	6	3	11.427	1	1	1
28	12	0	50.974	1	1	1
28	12	1	27.723	1	1	1
28	12	2	31.803	1	1	1
28	12	3	23.249	1	1	1
28	25	0	64.755	1	1	1
28	25	1	47.817	1	1	1
28	25	2	30.663	1	1	1
28	25	3	26.138	1	1	1
28	50	0	51.029	1	1	1
28	50	1	47.578	1	1	1
28	50	2	36.67	1	1	1
28	50	3	37.676	1	1	1
28	99	0	38.226	1	1	1
28	99	1	40.426	1	1	1
28	99	2	36.227	1	1	1
28	99	3	33.797	1	1	1
29	0	0	35.781	1	0	1
29	0	1	34.729	1	0	1
29	0	2	37.83	1	0	1
29	0	3	29.047	1	0	1
29	6	0	29.447	1	0	1
29	6	1	34.644	1	0	1
29	6	2	31.837	1	0	1
29	6	3	28.573	1	0	1
29	12	0	31.853	1	0	1
29	12	1	31.978	1	0	1
29	12	2	23.781	1	0	1
29	12	3	20.124	1	0	1
29	25	0	62.236	1	0	1
29	25	1	33.537	1	0	1
29	25	2	31.605	1	0	1
29	25	3	49.382	1	0	1
29	50	0	47.4	1	0	1
29	50	1	42.371	1	0	1
29	50	2	86.819	1	0	1
29	50	3	55.022	1	0	1
29	99	0	37.266	1	0	1
29	99	1	64.791	1	0	1
29	99	2	20.837	1	0	1
29	99	3	52.006	1	0	1
33	0	0	48.368	1	1	1
33	0	1	4.9062	1	1	1
33	0	2	0.84175	1	1	1
33	0	3	6.3942	1	1	1
33	6	0	133.79	1	1	1
33	6	1	103.01	1	1	1
33	6	2	56.924	1	1	1
33	6	3	64.787	1	1	1
33	12	0	162.08	1	1	1
33	12	1	116.42	1	1	1
33	12	2	108.49	1	1	1
33	12	3	79.114	1	1	1
33	25	0	140.99	1	1	1
33	25	1	86.583	1	1	1
33	25	2	88.214	1	1	1
33	25	3	87.568	1	1	1
33	50	0	150.39	1	1	1
33	50	1	104.46	1	1	1
33	50	2	85.38	1	1	1
33	50	3	74.915	1	1	1
33	99	0	140.16	1	1	1
33	99	1	97.178	1	1	1
33	99	2	71.516	1	1	1
33	99	3	88.525	1	1	1
35	0	0	49.547	1	1	1
35	0	1	91.807	1	1	1
35	0	2	107.69	1	1	1
35	0	3	154.81	1	1	1
35	6	0	71.072	1	1	1
35	6	1	97.204	1	1	1
35	6	2	111.42	1	1	1
35	6	3	172.9	1	1	1
35	12	0	73.713	1	1	1
35	12	1	111.29	1	1	1
35	12	2	131.75	1	1	1
35	12	3	160.1	1	1	1
35	25	0	70.453	1	1	1
35	25	1	107.46	1	1	1
35	25	2	109.41	1	1	1
35	25	3	175.24	1	1	1
35	50	0	75.829	1	1	1
35	50	1	102.74	1	1	1
35	50	2	124.09	1	1	1
35	50	3	157.15	1	1	1
35	99	0	77.405	1	1	1
35	99	1	108.33	1	1	1
35	99	2	107.85	1	1	1
35	99	3	171.29	1	1	1
38	0	0	36.751	1	1	1
38	0	1	58.138	1	1	1
38	0	2	73.087	1	1	1
38	0	3	38.222	1	1	1
38	6	0	65.244	1	1	1
38	6	1	96.063	1	1	1
38	6	2	90.589	1	1	1
38	6	3	68.873	1	1	1
38	12	0	73.021	1	1	1
38	12	1	85.699	1	1	1
38	12	2	102.97	1	1	1
38	12	3	76.32	1	1	1
38	25	0	84.939	1	1	1
38	25	1	94.497	1	1	1
38	25	2	92.762	1	1	1
38	25	3	87.974	1	1	1
38	50	0	97.472	1	1	1
38	50	1	91.69	1	1	1
38	50	2	118.67	1	1	1
38	50	3	87.767	1	1	1
38	99	0	58.515	1	1	1
38	99	1	51.788	1	1	1
38	99	2	78.322	1	1	1
38	99	3	71.841	1	1	1
43	0	0	0	1	1	1
43	0	1	0.45914	1	1	1
43	0	2	0.48344	1	1	1
43	0	3	4.9982	1	1	1
43	6	0	4.1018	1	1	1
43	6	1	1.6552	1	1	1
43	6	2	0.45914	1	1	1
43	6	3	4.705	1	1	1
43	12	0	18.081	1	1	1
43	12	1	8.6873	1	1	1
43	12	2	3.6448	1	1	1
43	12	3	4.859	1	1	1
43	25	0	24.994	1	1	1
43	25	1	17.858	1	1	1
43	25	2	11.752	1	1	1
43	25	3	3.6317	1	1	1
43	50	0	28.181	1	1	1
43	50	1	27.524	1	1	1
43	50	2	14.002	1	1	1
43	50	3	4.3136	1	1	1
43	99	0	24.311	1	1	1
43	99	1	19.238	1	1	1
43	99	2	13.437	1	1	1
43	99	3	2.6894	1	1	1
46	0	0	28.286	0	1	1
46	0	1	27.792	0	1	1
46	0	2	12.754	0	1	1
46	0	3	0.91083	0	1	1
46	6	0	34.543	0	1	1
46	6	1	34.812	0	1	1
46	6	2	14.351	0	1	1
46	6	3	0.73905	0	1	1
46	12	0	41.675	0	1	1
46	12	1	36.483	0	1	1
46	12	2	23.413	0	1	1
46	12	3	2.1654	0	1	1
46	25	0	46.805	0	1	1
46	25	1	48.579	0	1	1
46	25	2	22.76	0	1	1
46	25	3	6.2896	0	1	1
46	50	0	49.195	0	1	1
46	50	1	52.529	0	1	1
46	50	2	30.968	0	1	1
46	50	3	4.4527	0	1	1
46	99	0	55.659	0	1	1
46	99	1	54.651	0	1	1
46	99	2	34.538	0	1	1
46	99	3	9.2468	0	1	1
48	0	0	6.083	1	0	1
48	0	1	1.9338	1	0	1
48	0	2	1.1906	1	0	1
48	0	3	0.43304	1	0	1
48	6	0	35.102	1	0	1
48	6	1	18.389	1	0	1
48	6	2	13.701	1	0	1
48	6	3	12.346	1	0	1
48	12	0	39.422	1	0	1
48	12	1	23.973	1	0	1
48	12	2	22.283	1	0	1
48	12	3	10.68	1	0	1
48	25	0	37.685	1	0	1
48	25	1	38.467	1	0	1
48	25	2	41.145	1	0	1
48	25	3	15.078	1	0	1
48	50	0	38.008	1	0	1
48	50	1	32.695	1	0	1
48	50	2	46.645	1	0	1
48	50	3	18.677	1	0	1
48	99	0	35.075	1	0	1
48	99	1	22.463	1	0	1
48	99	2	17.735	1	0	1
48	99	3	19.573	1	0	1
52	0	0	0	1	1	1
52	0	1	0	1	1	1
52	0	2	0	1	1	1
52	0	3	0	1	1	1
52	6	0	27.587	1	1	1
52	6	1	12.87	1	1	1
52	6	2	2.886	1	1	1
52	6	3	2.886	1	1	1
52	12	0	61.537	1	1	1
52	12	1	18.676	1	1	1
52	12	2	9.7897	1	1	1
52	12	3	1.4907	1	1	1
52	25	0	73.801	1	1	1
52	25	1	26.401	1	1	1
52	25	2	12.713	1	1	1
52	25	3	11.908	1	1	1
52	50	0	60.089	1	1	1
52	50	1	24.348	1	1	1
52	50	2	17.134	1	1	1
52	50	3	13.204	1	1	1
52	99	0	60.822	1	1	1
52	99	1	23.486	1	1	1
52	99	2	20.841	1	1	1
52	99	3	14.553	1	1	1
54	0	0	0.90531	1	1	1
54	0	1	2.7642	1	1	1
54	0	2	4.9496	1	1	1
54	0	3	29.082	1	1	1
54	6	0	103.81	1	1	1
54	6	1	70.599	1	1	1
54	6	2	61.691	1	1	1
54	6	3	71.984	1	1	1
54	12	0	150.24	1	1	1
54	12	1	129	1	1	1
54	12	2	116.23	1	1	1
54	12	3	106.98	1	1	1
54	25	0	212.44	1	1	1
54	25	1	191.09	1	1	1
54	25	2	168.98	1	1	1
54	25	3	143.18	1	1	1
54	50	0	231.95	1	1	1
54	50	1	219.58	1	1	1
54	50	2	187.45	1	1	1
54	50	3	159.15	1	1	1
54	99	0	231.2	1	1	1
54	99	1	227.45	1	1	1
54	99	2	190.24	1	1	1
54	99	3	175.96	1	1	1
55	0	0	9.8253	1	1	1
55	0	1	9.3651	1	1	1
55	0	2	26.751	1	1	1
55	0	3	21.123	1	1	1
55	6	0	36.59	1	1	1
55	6	1	40.981	1	1	1
55	6	2	42.967	1	1	1
55	6	3	32.667	1	1	1
55	12	0	54.963	1	1	1
55	12	1	46.625	1	1	1
55	12	2	52.362	1	1	1
55	12	3	43.665	1	1	1
55	25	0	58.508	1	1	1
55	25	1	64.165	1	1	1
55	25	2	64.148	1	1	1
55	25	3	56.382	1	1	1
55	50	0	64.048	1	1	1
55	50	1	70.943	1	1	1
55	50	2	76.845	1	1	1
55	50	3	59.108	1	1	1
55	99	0	72.939	1	1	1
55	99	1	67.431	1	1	1
55	99	2	86.817	1	1	1
55	99	3	66.302	1	1	1
56	0	0	20.415	0	1	1
56	0	1	8.9907	0	1	1
56	0	2	20.125	0	1	1
56	0	3	36.463	0	1	1
56	6	0	26.032	0	1	1
56	6	1	20.169	0	1	1
56	6	2	27.285	0	1	1
56	6	3	37.521	0	1	1
56	12	0	38.631	0	1	1
56	12	1	37.285	0	1	1
56	12	2	38.566	0	1	1
56	12	3	38.056	0	1	1
56	25	0	52.493	0	1	1
56	25	1	63.408	0	1	1
56	25	2	49.609	0	1	1
56	25	3	52.554	0	1	1
56	50	0	85.454	0	1	1
56	50	1	65.192	0	1	1
56	50	2	61.453	0	1	1
56	50	3	57.829	0	1	1
56	99	0	77.903	0	1	1
56	99	1	68.942	0	1	1
56	99	2	54.87	0	1	1
56	99	3	65.855	0	1	1
58	0	0	29.58	1	1	1
58	0	1	32.128	1	1	1
58	0	2	30.999	1	1	1
58	0	3	26.444	1	1	1
58	6	0	42.71	1	1	1
58	6	1	45.476	1	1	1
58	6	2	49.38	1	1	1
58	6	3	53.208	1	1	1
58	12	0	58.772	1	1	1
58	12	1	57.672	1	1	1
58	12	2	43.443	1	1	1
58	12	3	58.195	1	1	1
58	25	0	58.641	1	1	1
58	25	1	67.782	1	1	1
58	25	2	69.161	1	1	1
58	25	3	58.175	1	1	1
58	50	0	77.18	1	1	1
58	50	1	56.881	1	1	1
58	50	2	84.877	1	1	1
58	50	3	83.521	1	1	1
58	99	0	101.83	1	1	1
58	99	1	87.625	1	1	1
58	99	2	85.448	1	1	1
58	99	3	79.729	1	1	1
60	0	0	46.115	1	0	1
60	0	1	56.847	1	0	1
60	0	2	58.424	1	0	1
60	0	3	53.139	1	0	1
60	6	0	64.095	1	0	1
60	6	1	42.913	1	0	1
60	6	2	41.549	1	0	1
60	6	3	51.549	1	0	1
60	12	0	57.809	1	0	1
60	12	1	57.244	1	0	1
60	12	2	49.968	1	0	1
60	12	3	54.909	1	0	1
60	25	0	58.156	1	0	1
60	25	1	62.527	1	0	1
60	25	2	65.216	1	0	1
60	25	3	54.969	1	0	1
60	50	0	84.017	1	0	1
60	50	1	79.68	1	0	1
60	50	2	58.978	1	0	1
60	50	3	78.617	1	0	1
60	99	0	93.24	1	0	1
60	99	1	89.639	1	0	1
60	99	2	78.146	1	0	1
60	99	3	88.401	1	0	1
61	0	0	32.121	1	1	1
61	0	1	29.346	1	1	1
61	0	2	27.78	1	1	1
61	0	3	26.82	1	1	1
61	6	0	55.491	1	1	1
61	6	1	49.825	1	1	1
61	6	2	46.545	1	1	1
61	6	3	39.837	1	1	1
61	12	0	67.965	1	1	1
61	12	1	63.406	1	1	1
61	12	2	65.659	1	1	1
61	12	3	64.784	1	1	1
61	25	0	89.666	1	1	1
61	25	1	89.393	1	1	1
61	25	2	72.631	1	1	1
61	25	3	86.528	1	1	1
61	50	0	102.22	1	1	1
61	50	1	97.631	1	1	1
61	50	2	90.829	1	1	1
61	50	3	98.035	1	1	1
61	99	0	103.42	1	1	1
61	99	1	102.86	1	1	1
61	99	2	141.82	1	1	1
61	99	3	121.84	1	1	1
63	0	0	36.751	0	1	1
63	0	1	29.897	0	1	1
63	0	2	31.706	0	1	1
63	0	3	26.666	0	1	1
63	6	0	120.97	0	1	1
63	6	1	122.96	0	1	1
63	6	2	115.65	0	1	1
63	6	3	104.19	0	1	1
63	12	0	159.98	0	1	1
63	12	1	148.92	0	1	1
63	12	2	143.85	0	1	1
63	12	3	136.7	0	1	1
63	25	0	163.01	0	1	1
63	25	1	155.84	0	1	1
63	25	2	164.77	0	1	1
63	25	3	156.29	0	1	1
63	50	0	179.69	0	1	1
63	50	1	169.52	0	1	1
63	50	2	178.56	0	1	1
63	50	3	163.17	0	1	1
63	99	0	183.21	0	1	1
63	99	1	182.98	0	1	1
63	99	2	172.98	0	1	1
63	99	3	162.23	0	1	1
65	0	0	12.871	1	1	1
65	0	1	7.8569	1	1	1
65	0	2	5.2209	1	1	1
65	0	3	3.3358	1	1	1
65	6	0	17.552	1	1	1
65	6	1	17.663	1	1	1
65	6	2	5.5887	1	1	1
65	6	3	6.2939	1	1	1
65	12	0	31.89	1	1	1
65	12	1	29.92	1	1	1
65	12	2	18.622	1	1	1
65	12	3	12.796	1	1	1
65	25	0	46.678	1	1	1
65	25	1	37.818	1	1	1
65	25	2	29.183	1	1	1
65	25	3	16.647	1	1	1
65	50	0	45.576	1	1	1
65	50	1	44.572	1	1	1
65	50	2	26.796	1	1	1
65	50	3	23.821	1	1	1
65	99	0	52.668	1	1	1
65	99	1	54.079	1	1	1
65	99	2	39.939	1	1	1
65	99	3	20.869	1	1	1
67	0	0	38.183	1	1	1
67	0	1	46.308	1	1	1
67	0	2	41.85	1	1	1
67	0	3	39.492	1	1	1
67	6	0	31.495	1	1	1
67	6	1	30.767	1	1	1
67	6	2	37.39	1	1	1
67	6	3	24.032	1	1	1
67	12	0	27.898	1	1	1
67	12	1	47.641	1	1	1
67	12	2	37.311	1	1	1
67	12	3	40.523	1	1	1
67	25	0	47.258	1	1	1
67	25	1	36.219	1	1	1
67	25	2	40.998	1	1	1
67	25	3	34.938	1	1	1
67	50	0	40.924	1	1	1
67	50	1	35.438	1	1	1
67	50	2	38.171	1	1	1
67	50	3	36.61	1	1	1
67	99	0	34.841	1	1	1
67	99	1	22.331	1	1	1
67	99	2	20.49	1	1	1
67	99	3	37.516	1	1	1
69	0	0	23.107	1	1	1
69	0	1	20.519	1	1	1
69	0	2	34.291	1	1	1
69	0	3	31.357	1	1	1
69	6	0	53.47	1	1	1
69	6	1	46.306	1	1	1
69	6	2	67.99	1	1	1
69	6	3	65.152	1	1	1
69	12	0	88.582	1	1	1
69	12	1	99.604	1	1	1
69	12	2	95.1	1	1	1
69	12	3	115.55	1	1	1
69	25	0	105.93	1	1	1
69	25	1	117	1	1	1
69	25	2	116.8	1	1	1
69	25	3	116.65	1	1	1
69	50	0	119.92	1	1	1
69	50	1	118.18	1	1	1
69	50	2	114.66	1	1	1
69	50	3	121.96	1	1	1
69	99	0	160.01	1	1	1
69	99	1	123.39	1	1	1
69	99	2	177.01	1	1	1
69	99	3	125.82	1	1	1
71	0	0	24.614	1	1	1
71	0	1	16.669	1	1	1
71	0	2	13.145	1	1	1
71	0	3	10.186	1	1	1
71	6	0	38.331	1	1	1
71	6	1	37.714	1	1	1
71	6	2	32.707	1	1	1
71	6	3	25.93	1	1	1
71	12	0	62.349	1	1	1
71	12	1	54.119	1	1	1
71	12	2	45.733	1	1	1
71	12	3	34.264	1	1	1
71	25	0	68.006	1	1	1
71	25	1	51.039	1	1	1
71	25	2	47.21	1	1	1
71	25	3	41.898	1	1	1
71	50	0	58.2	1	1	1
71	50	1	43.718	1	1	1
71	50	2	52.46	1	1	1
71	50	3	36.412	1	1	1
71	99	0	52.884	1	1	1
71	99	1	57.311	1	1	1
71	99	2	43.413	1	1	1
71	99	3	32.065	1	1	1
74	0	0	2.482	1	1	1
74	0	1	5.1541	1	1	1
74	0	2	4.5087	1	1	1
74	0	3	14.291	1	1	1
74	6	0	8.1456	1	1	1
74	6	1	5.6406	1	1	1
74	6	2	10.499	1	1	1
74	6	3	10.438	1	1	1
74	12	0	8.4734	1	1	1
74	12	1	8.9099	1	1	1
74	12	2	7.2761	1	1	1
74	12	3	23.37	1	1	1
74	25	0	21.464	1	1	1
74	25	1	17.533	1	1	1
74	25	2	16.518	1	1	1
74	25	3	14.775	1	1	1
74	50	0	38.215	1	1	1
74	50	1	31.018	1	1	1
74	50	2	17.327	1	1	1
74	50	3	24.203	1	1	1
74	99	0	44.367	1	1	1
74	99	1	37.662	1	1	1
74	99	2	21.897	1	1	1
74	99	3	15.382	1	1	1
75	0	0	20.029	1	1	1
75	0	1	22.771	1	1	1
75	0	2	36.373	1	1	1
75	0	3	43.13	1	1	1
75	6	0	80.006	1	1	1
75	6	1	95.159	1	1	1
75	6	2	89.826	1	1	1
75	6	3	84.498	1	1	1
75	12	0	108.73	1	1	1
75	12	1	109.54	1	1	1
75	12	2	118.73	1	1	1
75	12	3	106.41	1	1	1
75	25	0	106.31	1	1	1
75	25	1	114.96	1	1	1
75	25	2	123.41	1	1	1
75	25	3	110.27	1	1	1
75	50	0	98.429	1	1	1
75	50	1	102.55	1	1	1
75	50	2	105.59	1	1	1
75	50	3	106.4	1	1	1
75	99	0	86.46	1	1	1
75	99	1	88.28	1	1	1
75	99	2	100.04	1	1	1
75	99	3	100.58	1	1	1
81	0	0	42.94	1	1	1
81	0	1	30.521	1	1	1
81	0	2	34.45	1	1	1
81	0	3	34.555	1	1	1
81	6	0	50.501	1	1	1
81	6	1	46.855	1	1	1
81	6	2	44.357	1	1	1
81	6	3	45.917	1	1	1
81	12	0	66.045	1	1	1
81	12	1	75.286	1	1	1
81	12	2	73.238	1	1	1
81	12	3	58.466	1	1	1
81	25	0	123.01	1	1	1
81	25	1	100.6	1	1	1
81	25	2	103.81	1	1	1
81	25	3	110.06	1	1	1
81	50	0	136.97	1	1	1
81	50	1	157.26	1	1	1
81	50	2	123.9	1	1	1
81	50	3	135.72	1	1	1
81	99	0	177.27	1	1	1
81	99	1	155.84	1	1	1
81	99	2	162.93	1	1	1
81	99	3	126	1	1	1
83	0	0	25.194	1	1	1
83	0	1	57.666	1	1	1
83	0	2	107.85	1	1	1
83	0	3	144.15	1	1	1
83	6	0	34.711	1	1	1
83	6	1	69.269	1	1	1
83	6	2	109.85	1	1	1
83	6	3	149.75	1	1	1
83	12	0	60.105	1	1	1
83	12	1	95.925	1	1	1
83	12	2	116.49	1	1	1
83	12	3	141.15	1	1	1
83	25	0	87.231	1	1	1
83	25	1	106.73	1	1	1
83	25	2	130.76	1	1	1
83	25	3	145.99	1	1	1
83	50	0	97.03	1	1	1
83	50	1	93.553	1	1	1
83	50	2	130.23	1	1	1
83	50	3	151.84	1	1	1
83	99	0	91.787	1	1	1
83	99	1	118.68	1	1	1
83	99	2	121.82	1	1	1
83	99	3	136.12	1	1	1
85	0	0	42.225	1	1	1
85	0	1	40.347	1	1	1
85	0	2	42.138	1	1	1
85	0	3	41.613	1	1	1
85	6	0	38.151	1	1	1
85	6	1	39.711	1	1	1
85	6	2	41.122	1	1	1
85	6	3	39.365	1	1	1
85	12	0	37.176	1	1	1
85	12	1	36.86	1	1	1
85	12	2	38.962	1	1	1
85	12	3	38.287	1	1	1
85	25	0	42.14	1	1	1
85	25	1	47.845	1	1	1
85	25	2	39.658	1	1	1
85	25	3	45.067	1	1	1
85	50	0	94.893	1	1	1
85	50	1	90.77	1	1	1
85	50	2	75.64	1	1	1
85	50	3	84.956	1	1	1
85	99	0	90.661	1	1	1
85	99	1	92.443	1	1	1
85	99	2	66.344	1	1	1
85	99	3	95.886	1	1	1
87	0	0	11.42	1	1	1
87	0	1	20.978	1	1	1
87	0	2	35.577	1	1	1
87	0	3	85	1	1	1
87	6	0	15.027	1	1	1
87	6	1	18.988	1	1	1
87	6	2	41.553	1	1	1
87	6	3	94.144	1	1	1
87	12	0	16.458	1	1	1
87	12	1	27.187	1	1	1
87	12	2	41.716	1	1	1
87	12	3	84.566	1	1	1
87	25	0	19.43	1	1	1
87	25	1	30.8	1	1	1
87	25	2	43.118	1	1	1
87	25	3	88.636	1	1	1
87	50	0	20.782	1	1	1
87	50	1	34.085	1	1	1
87	50	2	47.548	1	1	1
87	50	3	96.014	1	1	1
87	99	0	37.044	1	1	1
87	99	1	28.791	1	1	1
87	99	2	50.362	1	1	1
87	99	3	90.735	1	1	1
89	0	0	8.8355	1	1	1
89	0	1	8.6959	1	1	1
89	0	2	14.931	1	1	1
89	0	3	14.221	1	1	1
89	6	0	25.606	1	1	1
89	6	1	25.49	1	1	1
89	6	2	32.831	1	1	1
89	6	3	30.851	1	1	1
89	12	0	62.57	1	1	1
89	12	1	52.853	1	1	1
89	12	2	50.057	1	1	1
89	12	3	41.351	1	1	1
89	25	0	95.811	1	1	1
89	25	1	87.644	1	1	1
89	25	2	69.109	1	1	1
89	25	3	62.567	1	1	1
89	50	0	106.98	1	1	1
89	50	1	91.698	1	1	1
89	50	2	86.693	1	1	1
89	50	3	72.047	1	1	1
89	99	0	129.07	1	1	1
89	99	1	113.27	1	1	1
89	99	2	115.23	1	1	1
89	99	3	88.071	1	1	1
90	0	0	31.406	1	1	1
90	0	1	48.274	1	1	1
90	0	2	64.782	1	1	1
90	0	3	68.135	1	1	1
90	6	0	35.402	1	1	1
90	6	1	49.635	1	1	1
90	6	2	57.456	1	1	1
90	6	3	63.017	1	1	1
90	12	0	27.642	1	1	1
90	12	1	55.376	1	1	1
90	12	2	55.335	1	1	1
90	12	3	55.268	1	1	1
90	25	0	29.298	1	1	1
90	25	1	38.74	1	1	1
90	25	2	44.181	1	1	1
90	25	3	44.786	1	1	1
90	50	0	18.268	1	1	1
90	50	1	27.376	1	1	1
90	50	2	43.2	1	1	1
90	50	3	51.915	1	1	1
90	99	0	32.544	1	1	1
90	99	1	30.678	1	1	1
90	99	2	38.025	1	1	1
90	99	3	48.622	1	1	1
91	0	0	36.327	1	1	1
91	0	1	31.195	1	1	1
91	0	2	31.125	1	1	1
91	0	3	24.199	1	1	1
91	6	0	56.555	1	1	1
91	6	1	52.007	1	1	1
91	6	2	44.993	1	1	1
91	6	3	53.923	1	1	1
91	12	0	91.84	1	1	1
91	12	1	71.135	1	1	1
91	12	2	73.075	1	1	1
91	12	3	61.706	1	1	1
91	25	0	89.518	1	1	1
91	25	1	82.353	1	1	1
91	25	2	91.122	1	1	1
91	25	3	103.8	1	1	1
91	50	0	107.16	1	1	1
91	50	1	114.53	1	1	1
91	50	2	108.19	1	1	1
91	50	3	110.2	1	1	1
91	99	0	126.73	1	1	1
91	99	1	115.29	1	1	1
91	99	2	145.78	1	1	1
91	99	3	159.77	1	1	1
95	0	0	6.1813	1	0	1
95	0	1	14.24	1	0	1
95	0	2	6.2826	1	0	1
95	0	3	11.671	1	0	1
95	6	0	24.502	1	0	1
95	6	1	12.02	1	0	1
95	6	2	11.776	1	0	1
95	6	3	11.885	1	0	1
95	12	0	38.416	1	0	1
95	12	1	25.662	1	0	1
95	12	2	16.94	1	0	1
95	12	3	11.405	1	0	1
95	25	0	38.164	1	0	1
95	25	1	38.517	1	0	1
95	25	2	30.97	1	0	1
95	25	3	15.949	1	0	1
95	50	0	44.218	1	0	1
95	50	1	32.311	1	0	1
95	50	2	23.008	1	0	1
95	50	3	22.686	1	0	1
95	99	0	40.57	1	0	1
95	99	1	39.294	1	0	1
95	99	2	18.712	1	0	1
95	99	3	26.223	1	0	1
97	0	0	18.388	1	1	1
97	0	1	5.9696	1	1	1
97	0	2	5.3268	1	1	1
97	0	3	20.524	1	1	1
97	6	0	125.04	1	1	1
97	6	1	87.929	1	1	1
97	6	2	68.946	1	1	1
97	6	3	48.92	1	1	1
97	12	0	143.72	1	1	1
97	12	1	97.914	1	1	1
97	12	2	85.652	1	1	1
97	12	3	69.503	1	1	1
97	25	0	132.82	1	1	1
97	25	1	120.5	1	1	1
97	25	2	91.881	1	1	1
97	25	3	56.428	1	1	1
97	50	0	143.55	1	1	1
97	50	1	119.59	1	1	1
97	50	2	86.795	1	1	1
97	50	3	78.704	1	1	1
97	99	0	140.62	1	1	1
97	99	1	94.243	1	1	1
97	99	2	107.77	1	1	1
97	99	3	74.725	1	1	1
98	0	0	9.8638	1	1	1
98	0	1	24.314	1	1	1
98	0	2	24.747	1	1	1
98	0	3	25.675	1	1	1
98	6	0	38.929	1	1	1
98	6	1	34.881	1	1	1
98	6	2	28.646	1	1	1
98	6	3	25.093	1	1	1
98	12	0	44.1	1	1	1
98	12	1	41.925	1	1	1
98	12	2	34.977	1	1	1
98	12	3	42.713	1	1	1
98	25	0	68.79	1	1	1
98	25	1	52.492	1	1	1
98	25	2	38.335	1	1	1
98	25	3	37.912	1	1	1
98	50	0	67.238	1	1	1
98	50	1	39.036	1	1	1
98	50	2	46.044	1	1	1
98	50	3	34.185	1	1	1
98	99	0	63.981	1	1	1
98	99	1	40.998	1	1	1
98	99	2	38.006	1	1	1
98	99	3	30.931	1	1	1
99	0	0	14.141	1	1	1
99	0	1	32.61	1	1	1
99	0	2	34.052	1	1	1
99	0	3	39.684	1	1	1
99	6	0	8.4854	1	1	1
99	6	1	17.2	1	1	1
99	6	2	27.818	1	1	1
99	6	3	38.53	1	1	1
99	12	0	3.5488	1	1	1
99	12	1	16.817	1	1	1
99	12	2	34.178	1	1	1
99	12	3	25.479	1	1	1
99	25	0	8.3606	1	1	1
99	25	1	13.694	1	1	1
99	25	2	27.057	1	1	1
99	25	3	40.265	1	1	1
99	50	0	8.9995	1	1	1
99	50	1	22.261	1	1	1
99	50	2	20.982	1	1	1
99	50	3	41.815	1	1	1
99	99	0	9.1819	1	1	1
99	99	1	21.879	1	1	1
99	99	2	21.311	1	1	1
99	99	3	31.387	1	1	1
100	0	0	36.68	1	1	1
100	0	1	28.079	1	1	1
100	0	2	26.703	1	1	1
100	0	3	34.567	1	1	1
100	6	0	60.038	1	1	1
100	6	1	57.035	1	1	1
100	6	2	53.092	1	1	1
100	6	3	41.826	1	1	1
100	12	0	73.489	1	1	1
100	12	1	67.22	1	1	1
100	12	2	58.165	1	1	1
100	12	3	54.677	1	1	1
100	25	0	77.932	1	1	1
100	25	1	74.329	1	1	1
100	25	2	68.221	1	1	1
100	25	3	61.418	1	1	1
100	50	0	107.97	1	1	1
100	50	1	93.656	1	1	1
100	50	2	98.278	1	1	1
100	50	3	72.88	1	1	1
100	99	0	123.47	1	1	1
100	99	1	107.09	1	1	1
100	99	2	106.22	1	1	1
100	99	3	105.88	1	1	1
102	0	0	8.4907	1	0	1
102	0	1	6.9001	1	0	1
102	0	2	0.98374	1	0	1
102	0	3	1.196	1	0	1
102	6	0	22.904	1	0	1
102	6	1	14.324	1	0	1
102	6	2	8.1938	1	0	1
102	6	3	2.2957	1	0	1
102	12	0	20.602	1	0	1
102	12	1	22.646	1	0	1
102	12	2	9.4889	1	0	1
102	12	3	1.8941	1	0	1
102	25	0	26.984	1	0	1
102	25	1	20.427	1	0	1
102	25	2	15.765	1	0	1
102	25	3	4.1079	1	0	1
102	50	0	31.396	1	0	1
102	50	1	21.953	1	0	1
102	50	2	8.0604	1	0	1
102	50	3	5.4859	1	0	1
102	99	0	24.186	1	0	1
102	99	1	17.89	1	0	1
102	99	2	13.655	1	0	1
102	99	3	4.2232	1	0	1
103	0	0	18.481	1	1	1
103	0	1	18.722	1	1	1
103	0	2	19.534	1	1	1
103	0	3	32.674	1	1	1
103	6	0	45.642	1	1	1
103	6	1	26.155	1	1	1
103	6	2	24.421	1	1	1
103	6	3	44.714	1	1	1
103	12	0	46.768	1	1	1
103	12	1	33.831	1	1	1
103	12	2	39.428	1	1	1
103	12	3	52.45	1	1	1
103	25	0	54.038	1	1	1
103	25	1	45.843	1	1	1
103	25	2	48.495	1	1	1
103	25	3	47.521	1	1	1
103	50	0	41.945	1	1	1
103	50	1	41.9	1	1	1
103	50	2	45.674	1	1	1
103	50	3	43.87	1	1	1
103	99	0	26.721	1	1	1
103	99	1	27.057	1	1	1
103	99	2	30.959	1	1	1
103	99	3	30.791	1	1	1
105	0	0	20.317	1	1	1
105	0	1	27.381	1	1	1
105	0	2	39.323	1	1	1
105	0	3	23.073	1	1	1
105	6	0	117.62	1	1	1
105	6	1	110.19	1	1	1
105	6	2	118.33	1	1	1
105	6	3	114.73	1	1	1
105	12	0	124.43	1	1	1
105	12	1	137.11	1	1	1
105	12	2	134.01	1	1	1
105	12	3	124.94	1	1	1
105	25	0	133.53	1	1	1
105	25	1	138.24	1	1	1
105	25	2	139.84	1	1	1
105	25	3	137.57	1	1	1
105	50	0	132.3	1	1	1
105	50	1	128.38	1	1	1
105	50	2	128.75	1	1	1
105	50	3	105.73	1	1	1
105	99	0	112.44	1	1	1
105	99	1	114.62	1	1	1
105	99	2	119.18	1	1	1
105	99	3	129.09	1	1	1
106	0	0	0	1	1	1
106	0	1	2.0202	1	1	1
106	0	2	0	1	1	1
106	0	3	1.0101	1	1	1
106	6	0	2.0249	1	1	1
106	6	1	1.2376	1	1	1
106	6	2	1.2241	1	1	1
106	6	3	2.0202	1	1	1
106	12	0	4.8155	1	1	1
106	12	1	1.1011	1	1	1
106	12	2	1.6592	1	1	1
106	12	3	3.6414	1	1	1
106	25	0	1.5152	1	1	1
106	25	1	3.2443	1	1	1
106	25	2	5.0792	1	1	1
106	25	3	5.1885	1	1	1
106	50	0	2.5253	1	1	1
106	50	1	3.9645	1	1	1
106	50	2	5.0505	1	1	1
106	50	3	4.8778	1	1	1
106	99	0	1.4091	1	1	1
106	99	1	0.87077	1	1	1
106	99	2	2.8563	1	1	1
106	99	3	1.0101	1	1	1
108	0	0	28.259	1	1	1
108	0	1	28.23	1	1	1
108	0	2	24.523	1	1	1
108	0	3	23.061	1	1	1
108	6	0	19.953	1	1	1
108	6	1	22.829	1	1	1
108	6	2	21.412	1	1	1
108	6	3	19.227	1	1	1
108	12	0	26.229	1	1	1
108	12	1	29.193	1	1	1
108	12	2	22.205	1	1	1
108	12	3	18.431	1	1	1
108	25	0	36.567	1	1	1
108	25	1	38.425	1	1	1
108	25	2	32.826	1	1	1
108	25	3	23.377	1	1	1
108	50	0	35.352	1	1	1
108	50	1	34.104	1	1	1
108	50	2	26.941	1	1	1
108	50	3	36.176	1	1	1
108	99	0	29.969	1	1	1
108	99	1	25.715	1	1	1
108	99	2	16.561	1	1	1
108	99	3	30.705	1	1	1
110	0	0	17.066	1	0	1
110	0	1	46.83	1	0	1
110	0	2	47.122	1	0	1
110	0	3	36.848	1	0	1
110	6	0	81.638	1	0	1
110	6	1	67.403	1	0	1
110	6	2	59.968	1	0	1
110	6	3	62.012	1	0	1
110	12	0	90.648	1	0	1
110	12	1	74.56	1	0	1
110	12	2	81.411	1	0	1
110	12	3	50.351	1	0	1
110	25	0	103.33	1	0	1
110	25	1	96.018	1	0	1
110	25	2	87.785	1	0	1
110	25	3	53.616	1	0	1
110	50	0	96.048	1	0	1
110	50	1	100.08	1	0	1
110	50	2	85.703	1	0	1
110	50	3	59.493	1	0	1
110	99	0	108.42	1	0	1
110	99	1	92.779	1	0	1
110	99	2	84.411	1	0	1
110	99	3	55.828	1	0	1
2	0	0	2.8486	1	1	0
2	0	1	5.0484	1	1	0
2	0	2	2.244	1	1	0
2	0	3	14.847	1	1	0
2	6	0	53.844	1	1	0
2	6	1	50.373	1	1	0
2	6	2	54.785	1	1	0
2	6	3	51.902	1	1	0
2	12	0	60.426	1	1	0
2	12	1	67.704	1	1	0
2	12	2	66.393	1	1	0
2	12	3	60.776	1	1	0
2	25	0	72.055	1	1	0
2	25	1	74.431	1	1	0
2	25	2	75.396	1	1	0
2	25	3	84.151	1	1	0
2	50	0	68.452	1	1	0
2	50	1	67.234	1	1	0
2	50	2	73.056	1	1	0
2	50	3	78.368	1	1	0
2	99	0	116.05	1	1	0
2	99	1	111.51	1	1	0
2	99	2	124.85	1	1	0
2	99	3	111.18	1	1	0
3	0	0	0.50505	1	1	0
3	0	1	1.0101	1	1	0
3	0	2	2.5253	1	1	0
3	0	3	8.094	1	1	0
3	6	0	2.0202	1	1	0
3	6	1	2.8637	1	1	0
3	6	2	5.0338	1	1	0
3	6	3	9.3726	1	1	0
3	12	0	4.2961	1	1	0
3	12	1	8.8628	1	1	0
3	12	2	9.4572	1	1	0
3	12	3	9.2184	1	1	0
3	25	0	7.9211	1	1	0
3	25	1	11.897	1	1	0
3	25	2	19.042	1	1	0
3	25	3	14.986	1	1	0
3	50	0	16.288	1	1	0
3	50	1	18.156	1	1	0
3	50	2	19.917	1	1	0
3	50	3	25.298	1	1	0
3	99	0	11.726	1	1	0
3	99	1	20.586	1	1	0
3	99	2	22.644	1	1	0
3	99	3	22.334	1	1	0
4	0	0	19.035	1	1	0
4	0	1	24.772	1	1	0
4	0	2	45.254	1	1	0
4	0	3	77.97	1	1	0
4	6	0	25.685	1	1	0
4	6	1	30.509	1	1	0
4	6	2	55.583	1	1	0
4	6	3	82.855	1	1	0
4	12	0	60.767	1	1	0
4	12	1	62.574	1	1	0
4	12	2	80.58	1	1	0
4	12	3	101.55	1	1	0
4	25	0	110.63	1	1	0
4	25	1	114.89	1	1	0
4	25	2	113.08	1	1	0
4	25	3	131.56	1	1	0
4	50	0	136.37	1	1	0
4	50	1	145.28	1	1	0
4	50	2	142.56	1	1	0
4	50	3	174.85	1	1	0
4	99	0	125.54	1	1	0
4	99	1	158.16	1	1	0
4	99	2	143.84	1	1	0
4	99	3	160.04	1	1	0
6	0	0	14.123	1	1	0
6	0	1	16.206	1	1	0
6	0	2	51.187	1	1	0
6	0	3	103.82	1	1	0
6	6	0	89.925	1	1	0
6	6	1	72.551	1	1	0
6	6	2	103.27	1	1	0
6	6	3	122.01	1	1	0
6	12	0	119.36	1	1	0
6	12	1	155.25	1	1	0
6	12	2	118.3	1	1	0
6	12	3	143.26	1	1	0
6	25	0	120.8	1	1	0
6	25	1	140.14	1	1	0
6	25	2	141.11	1	1	0
6	25	3	165.33	1	1	0
6	50	0	128.12	1	1	0
6	50	1	153.52	1	1	0
6	50	2	139.26	1	1	0
6	50	3	156.83	1	1	0
6	99	0	92.799	1	1	0
6	99	1	123.76	1	1	0
6	99	2	117.1	1	1	0
6	99	3	147.01	1	1	0
10	0	0	0.6734	1	1	0
10	0	1	0	1	1	0
10	0	2	0	1	1	0
10	0	3	0	1	1	0
10	6	0	5.0392	1	1	0
10	6	1	1.3468	1	1	0
10	6	2	3.0659	1	1	0
10	6	3	0	1	1	0
10	12	0	13.485	1	1	0
10	12	1	5.6064	1	1	0
10	12	2	7.0597	1	1	0
10	12	3	2.0011	1	1	0
10	25	0	13.513	1	1	0
10	25	1	5.1212	1	1	0
10	25	2	6.0472	1	1	0
10	25	3	2.4989	1	1	0
10	50	0	12.823	1	1	0
10	50	1	8.2011	1	1	0
10	50	2	7.6517	1	1	0
10	50	3	2.7076	1	1	0
10	99	0	17.864	1	1	0
10	99	1	7.0492	1	1	0
10	99	2	7.6977	1	1	0
10	99	3	10.019	1	1	0
11	0	0	0	1	1	0
11	0	1	1.4188	1	1	0
11	0	2	10.108	1	1	0
11	0	3	12.093	1	1	0
11	6	0	2.2957	1	1	0
11	6	1	2.9964	1	1	0
11	6	2	6.7243	1	1	0
11	6	3	16.287	1	1	0
11	12	0	30.018	1	1	0
11	12	1	12.601	1	1	0
11	12	2	15.127	1	1	0
11	12	3	18.266	1	1	0
11	25	0	51.033	1	1	0
11	25	1	30.688	1	1	0
11	25	2	32.322	1	1	0
11	25	3	25.571	1	1	0
11	50	0	70.764	1	1	0
11	50	1	50.853	1	1	0
11	50	2	50.795	1	1	0
11	50	3	32.258	1	1	0
11	99	0	60.018	1	1	0
11	99	1	68.026	1	1	0
11	99	2	52.818	1	1	0
11	99	3	37.58	1	1	0
12	0	0	39.245	1	1	0
12	0	1	47.759	1	1	0
12	0	2	51.755	1	1	0
12	0	3	79.615	1	1	0
12	6	0	45.69	1	1	0
12	6	1	47.513	1	1	0
12	6	2	75.37	1	1	0
12	6	3	80.762	1	1	0
12	12	0	92.89	1	1	0
12	12	1	78.607	1	1	0
12	12	2	89.837	1	1	0
12	12	3	113.66	1	1	0
12	25	0	124.43	1	1	0
12	25	1	113.78	1	1	0
12	25	2	102.41	1	1	0
12	25	3	121.15	1	1	0
12	50	0	147.14	1	1	0
12	50	1	112.98	1	1	0
12	50	2	128.3	1	1	0
12	50	3	163.12	1	1	0
12	99	0	136.52	1	1	0
12	99	1	151.93	1	1	0
12	99	2	151.88	1	1	0
12	99	3	148.15	1	1	0
14	0	0	0	1	0	0
14	0	1	1.2373	1	0	0
14	0	2	0	1	0	0
14	0	3	0	1	0	0
14	6	0	1.443	1	0	0
14	6	1	1.313	1	0	0
14	6	2	7.7178	1	0	0
14	6	3	2.4573	1	0	0
14	12	0	0	1	0	0
14	12	1	2.4573	1	0	0
14	12	2	5.202	1	0	0
14	12	3	4.329	1	0	0
14	25	0	15.567	1	0	0
14	25	1	13.557	1	0	0
14	25	2	10.627	1	0	0
14	25	3	7.8043	1	0	0
14	50	0	8.658	1	0	0
14	50	1	19.44	1	0	0
14	50	2	14.423	1	0	0
14	50	3	18.984	1	0	0
14	99	0	15.36	1	0	0
14	99	1	18.579	1	0	0
14	99	2	20.41	1	0	0
14	99	3	27.458	1	0	0
20	0	0	1.1375	1	1	0
20	0	1	2.9889	1	1	0
20	0	2	1.4539	1	1	0
20	0	3	0.7215	1	1	0
20	6	0	12.71	1	1	0
20	6	1	4.9041	1	1	0
20	6	2	3.8123	1	1	0
20	6	3	4.7655	1	1	0
20	12	0	20.499	1	1	0
20	12	1	19.082	1	1	0
20	12	2	7.0827	1	1	0
20	12	3	7.7793	1	1	0
20	25	0	23.616	1	1	0
20	25	1	16.04	1	1	0
20	25	2	13.93	1	1	0
20	25	3	16.689	1	1	0
20	50	0	22.206	1	1	0
20	50	1	13.727	1	1	0
20	50	2	21.056	1	1	0
20	50	3	14.475	1	1	0
20	99	0	35.043	1	1	0
20	99	1	20.264	1	1	0
20	99	2	21.696	1	1	0
20	99	3	27.798	1	1	0
22	0	0	0	1	1	0
22	0	1	2.7548	1	1	0
22	0	2	7.6401	1	1	0
22	0	3	7.7885	1	1	0
22	6	0	8.7398	1	1	0
22	6	1	6.0558	1	1	0
22	6	2	11.66	1	1	0
22	6	3	13.392	1	1	0
22	12	0	15.988	1	1	0
22	12	1	9.851	1	1	0
22	12	2	13.129	1	1	0
22	12	3	12.58	1	1	0
22	25	0	16.067	1	1	0
22	25	1	16.206	1	1	0
22	25	2	19.543	1	1	0
22	25	3	14.939	1	1	0
22	50	0	27.55	1	1	0
22	50	1	24.494	1	1	0
22	50	2	30.33	1	1	0
22	50	3	25.747	1	1	0
22	99	0	22.849	1	1	0
22	99	1	22.528	1	1	0
22	99	2	30.874	1	1	0
22	99	3	34.368	1	1	0
24	0	0	27.2	1	1	0
24	0	1	55.213	1	1	0
24	0	2	67.092	1	1	0
24	0	3	78.216	1	1	0
24	6	0	51.971	1	1	0
24	6	1	87.039	1	1	0
24	6	2	79.63	1	1	0
24	6	3	99.42	1	1	0
24	12	0	76.284	1	1	0
24	12	1	84.926	1	1	0
24	12	2	110.62	1	1	0
24	12	3	100.41	1	1	0
24	25	0	71.934	1	1	0
24	25	1	93.788	1	1	0
24	25	2	109.69	1	1	0
24	25	3	109.98	1	1	0
24	50	0	85.832	1	1	0
24	50	1	110.97	1	1	0
24	50	2	108.67	1	1	0
24	50	3	115.19	1	1	0
24	99	0	96.954	1	1	0
24	99	1	123.32	1	1	0
24	99	2	112.55	1	1	0
24	99	3	132.23	1	1	0
26	0	0	10.363	1	1	0
26	0	1	49.894	1	1	0
26	0	2	65.916	1	1	0
26	0	3	63.308	1	1	0
26	6	0	27.54	1	1	0
26	6	1	62.511	1	1	0
26	6	2	63.648	1	1	0
26	6	3	77.213	1	1	0
26	12	0	24.745	1	1	0
26	12	1	62.693	1	1	0
26	12	2	81.995	1	1	0
26	12	3	80.293	1	1	0
26	25	0	23.903	1	1	0
26	25	1	82.811	1	1	0
26	25	2	76.504	1	1	0
26	25	3	74.857	1	1	0
26	50	0	52.891	1	1	0
26	50	1	81.073	1	1	0
26	50	2	78.222	1	1	0
26	50	3	90.083	1	1	0
26	99	0	62.804	1	1	0
26	99	1	89.849	1	1	0
26	99	2	92.003	1	1	0
26	99	3	93.928	1	1	0
30	0	0	7.6186	1	1	0
30	0	1	13.406	1	1	0
30	0	2	17.73	1	1	0
30	0	3	23.468	1	1	0
30	6	0	38.705	1	1	0
30	6	1	40.354	1	1	0
30	6	2	30.717	1	1	0
30	6	3	38.557	1	1	0
30	12	0	46.465	1	1	0
30	12	1	54.513	1	1	0
30	12	2	46.168	1	1	0
30	12	3	42.062	1	1	0
30	25	0	63.24	1	1	0
30	25	1	66.5	1	1	0
30	25	2	52.771	1	1	0
30	25	3	58.139	1	1	0
30	50	0	46.991	1	1	0
30	50	1	61.973	1	1	0
30	50	2	52.753	1	1	0
30	50	3	62.577	1	1	0
30	99	0	28.229	1	1	0
30	99	1	47.7	1	1	0
30	99	2	38.072	1	1	0
30	99	3	35.486	1	1	0
31	0	0	40.807	1	1	0
31	0	1	27.854	1	1	0
31	0	2	49.471	1	1	0
31	0	3	98.948	1	1	0
31	6	0	57.476	1	1	0
31	6	1	72.331	1	1	0
31	6	2	103.29	1	1	0
31	6	3	130.15	1	1	0
31	12	0	69.556	1	1	0
31	12	1	93.754	1	1	0
31	12	2	117.97	1	1	0
31	12	3	110.74	1	1	0
31	25	0	78.1	1	1	0
31	25	1	82.942	1	1	0
31	25	2	113.66	1	1	0
31	25	3	131.94	1	1	0
31	50	0	85.397	1	1	0
31	50	1	85.91	1	1	0
31	50	2	115.71	1	1	0
31	50	3	135.38	1	1	0
31	99	0	99.781	1	1	0
31	99	1	71.847	1	1	0
31	99	2	125.3	1	1	0
31	99	3	137.64	1	1	0
32	0	0	33.837	1	1	0
32	0	1	22.912	1	1	0
32	0	2	22.936	1	1	0
32	0	3	33.132	1	1	0
32	6	0	58.181	1	1	0
32	6	1	25.159	1	1	0
32	6	2	24.941	1	1	0
32	6	3	28.425	1	1	0
32	12	0	103.51	1	1	0
32	12	1	58.541	1	1	0
32	12	2	51.792	1	1	0
32	12	3	48.769	1	1	0
32	25	0	137.88	1	1	0
32	25	1	102.05	1	1	0
32	25	2	64.275	1	1	0
32	25	3	43.266	1	1	0
32	50	0	139.66	1	1	0
32	50	1	114.94	1	1	0
32	50	2	74.869	1	1	0
32	50	3	56.893	1	1	0
32	99	0	156.3	1	1	0
32	99	1	114.22	1	1	0
32	99	2	80.015	1	1	0
32	99	3	73.374	1	1	0
34	0	0	8.7388	1	1	0
34	0	1	4.9747	1	1	0
34	0	2	3.4982	1	1	0
34	0	3	2.8449	1	1	0
34	6	0	27.2	1	1	0
34	6	1	19.463	1	1	0
34	6	2	20.352	1	1	0
34	6	3	9.8849	1	1	0
34	12	0	35.093	1	1	0
34	12	1	21.642	1	1	0
34	12	2	26.354	1	1	0
34	12	3	23.608	1	1	0
34	25	0	31.268	1	1	0
34	25	1	19.679	1	1	0
34	25	2	26.016	1	1	0
34	25	3	26.654	1	1	0
34	50	0	41.602	1	1	0
34	50	1	29.154	1	1	0
34	50	2	20.221	1	1	0
34	50	3	22.228	1	1	0
34	99	0	32.462	1	1	0
34	99	1	34.342	1	1	0
34	99	2	22.687	1	1	0
34	99	3	26.302	1	1	0
36	0	0	18.841	1	1	0
36	0	1	17.849	1	1	0
36	0	2	23.976	1	1	0
36	0	3	31.87	1	1	0
36	6	0	39.378	1	1	0
36	6	1	41.602	1	1	0
36	6	2	40.735	1	1	0
36	6	3	46.695	1	1	0
36	12	0	56.827	1	1	0
36	12	1	66.221	1	1	0
36	12	2	52.68	1	1	0
36	12	3	65.891	1	1	0
36	25	0	76.599	1	1	0
36	25	1	65.849	1	1	0
36	25	2	81.586	1	1	0
36	25	3	76.108	1	1	0
36	50	0	83.828	1	1	0
36	50	1	98.446	1	1	0
36	50	2	78.58	1	1	0
36	50	3	78.658	1	1	0
36	99	0	80.431	1	1	0
36	99	1	87.947	1	1	0
36	99	2	102.07	1	1	0
36	99	3	113.37	1	1	0
37	0	0	20.307	1	1	0
37	0	1	32.1	1	1	0
37	0	2	40.813	1	1	0
37	0	3	16.984	1	1	0
37	6	0	36.212	1	1	0
37	6	1	40.202	1	1	0
37	6	2	46.303	1	1	0
37	6	3	37.576	1	1	0
37	12	0	44.639	1	1	0
37	12	1	41.26	1	1	0
37	12	2	45.167	1	1	0
37	12	3	29.579	1	1	0
37	25	0	56.458	1	1	0
37	25	1	46.299	1	1	0
37	25	2	56.205	1	1	0
37	25	3	42.325	1	1	0
37	50	0	57.388	1	1	0
37	50	1	52.586	1	1	0
37	50	2	47.511	1	1	0
37	50	3	55.243	1	1	0
37	99	0	45.293	1	1	0
37	99	1	47.315	1	1	0
37	99	2	51.035	1	1	0
37	99	3	53.224	1	1	0
39	0	0	2.0296	1	0	0
39	0	1	0	1	0	0
39	0	2	0	1	0	0
39	0	3	6.2426	1	0	0
39	6	0	4.0404	1	0	0
39	6	1	3.2423	1	0	0
39	6	2	6.0606	1	0	0
39	6	3	5.7717	1	0	0
39	12	0	12.246	1	0	0
39	12	1	3.6124	1	0	0
39	12	2	12.112	1	0	0
39	12	3	4.1473	1	0	0
39	25	0	34.69	1	0	0
39	25	1	17.239	1	0	0
39	25	2	36.001	1	0	0
39	25	3	18.497	1	0	0
39	50	0	18.46	1	0	0
39	50	1	9.7897	1	0	0
39	50	2	11.742	1	0	0
39	50	3	19.002	1	0	0
39	99	0	5.0324	1	0	0
39	99	1	20.49	1	0	0
39	99	2	14.333	1	0	0
39	99	3	13.541	1	0	0
40	0	0	2.7505	1	1	0
40	0	1	23.528	1	1	0
40	0	2	39.876	1	1	0
40	0	3	61.353	1	1	0
40	6	0	48.176	1	1	0
40	6	1	61.234	1	1	0
40	6	2	63.235	1	1	0
40	6	3	64.084	1	1	0
40	12	0	93.32	1	1	0
40	12	1	76.741	1	1	0
40	12	2	90.277	1	1	0
40	12	3	63.101	1	1	0
40	25	0	108.78	1	1	0
40	25	1	83.525	1	1	0
40	25	2	90.774	1	1	0
40	25	3	101.78	1	1	0
40	50	0	108.97	1	1	0
40	50	1	106.96	1	1	0
40	50	2	103.75	1	1	0
40	50	3	95.7	1	1	0
40	99	0	156.11	1	1	0
40	99	1	140.46	1	1	0
40	99	2	122.18	1	1	0
40	99	3	119.98	1	1	0
41	0	0	0.45914	1	1	0
41	0	1	2.7326	1	1	0
41	0	2	31.649	1	1	0
41	0	3	82.706	1	1	0
41	6	0	9.166	1	1	0
41	6	1	14.311	1	1	0
41	6	2	48.393	1	1	0
41	6	3	91.056	1	1	0
41	12	0	19.152	1	1	0
41	12	1	22.296	1	1	0
41	12	2	58.256	1	1	0
41	12	3	84.562	1	1	0
41	25	0	32.8	1	1	0
41	25	1	45.46	1	1	0
41	25	2	59.854	1	1	0
41	25	3	80.692	1	1	0
41	50	0	41.476	1	1	0
41	50	1	41.439	1	1	0
41	50	2	67.028	1	1	0
41	50	3	106.18	1	1	0
41	99	0	30.63	1	1	0
41	99	1	45.496	1	1	0
41	99	2	52.473	1	1	0
41	99	3	95.196	1	1	0
42	0	0	4.7246	1	1	0
42	0	1	6.9992	1	1	0
42	0	2	26.317	1	1	0
42	0	3	48.178	1	1	0
42	6	0	9.4432	1	1	0
42	6	1	10.489	1	1	0
42	6	2	24.44	1	1	0
42	6	3	59.733	1	1	0
42	12	0	13.143	1	1	0
42	12	1	19.618	1	1	0
42	12	2	38.989	1	1	0
42	12	3	61.01	1	1	0
42	25	0	26.753	1	1	0
42	25	1	32.486	1	1	0
42	25	2	41.392	1	1	0
42	25	3	68.469	1	1	0
42	50	0	19.156	1	1	0
42	50	1	30.381	1	1	0
42	50	2	49.612	1	1	0
42	50	3	75.517	1	1	0
42	99	0	26.109	1	1	0
42	99	1	27.303	1	1	0
42	99	2	48.325	1	1	0
42	99	3	72.396	1	1	0
44	0	0	0.45914	1	1	0
44	0	1	9.469	1	1	0
44	0	2	30.514	1	1	0
44	0	3	75.761	1	1	0
44	6	0	1.902	1	1	0
44	6	1	9.9859	1	1	0
44	6	2	25.897	1	1	0
44	6	3	70.362	1	1	0
44	12	0	14.96	1	1	0
44	12	1	17.835	1	1	0
44	12	2	30.105	1	1	0
44	12	3	77.96	1	1	0
44	25	0	29.755	1	1	0
44	25	1	30.882	1	1	0
44	25	2	43.113	1	1	0
44	25	3	69.446	1	1	0
44	50	0	41.987	1	1	0
44	50	1	41.624	1	1	0
44	50	2	47.043	1	1	0
44	50	3	74.496	1	1	0
44	99	0	45.808	1	1	0
44	99	1	46.039	1	1	0
44	99	2	58.733	1	1	0
44	99	3	87.178	1	1	0
45	0	0	12.939	1	1	0
45	0	1	42.336	1	1	0
45	0	2	77.812	1	1	0
45	0	3	212.02	1	1	0
45	6	0	23.659	1	1	0
45	6	1	44.596	1	1	0
45	6	2	90.814	1	1	0
45	6	3	223.89	1	1	0
45	12	0	53.353	1	1	0
45	12	1	72.581	1	1	0
45	12	2	113.07	1	1	0
45	12	3	225.9	1	1	0
45	25	0	90.583	1	1	0
45	25	1	93.56	1	1	0
45	25	2	130.11	1	1	0
45	25	3	243.51	1	1	0
45	50	0	109.34	1	1	0
45	50	1	116.51	1	1	0
45	50	2	143.61	1	1	0
45	50	3	252.18	1	1	0
45	99	0	113.1	1	1	0
45	99	1	127.14	1	1	0
45	99	2	152.67	1	1	0
45	99	3	246.62	1	1	0
47	0	0	10.541	1	1	0
47	0	1	16.741	1	1	0
47	0	2	10.906	1	1	0
47	0	3	8.9743	1	1	0
47	6	0	14.339	1	1	0
47	6	1	12.162	1	1	0
47	6	2	9.1801	1	1	0
47	6	3	11.688	1	1	0
47	12	0	13.711	1	1	0
47	12	1	8.9557	1	1	0
47	12	2	10.871	1	1	0
47	12	3	6.1925	1	1	0
47	25	0	8.6999	1	1	0
47	25	1	7.4705	1	1	0
47	25	2	6.9861	1	1	0
47	25	3	11.223	1	1	0
47	50	0	14.172	1	1	0
47	50	1	7.6103	1	1	0
47	50	2	7.6247	1	1	0
47	50	3	7.6737	1	1	0
47	99	0	16.407	1	1	0
47	99	1	10.622	1	1	0
47	99	2	7.015	1	1	0
47	99	3	8.3664	1	1	0
49	0	0	0.50505	1	1	0
49	0	1	1.5152	1	1	0
49	0	2	1.7344	1	1	0
49	0	3	5.4692	1	1	0
49	6	0	3.0159	1	1	0
49	6	1	0.50505	1	1	0
49	6	2	0.15914	1	1	0
49	6	3	4.2274	1	1	0
49	12	0	5.2241	1	1	0
49	12	1	4.0404	1	1	0
49	12	2	5.6336	1	1	0
49	12	3	8.5244	1	1	0
49	25	0	12.284	1	1	0
49	25	1	12.542	1	1	0
49	25	2	14.4	1	1	0
49	25	3	13.518	1	1	0
49	50	0	11.22	1	1	0
49	50	1	7.98	1	1	0
49	50	2	11.231	1	1	0
49	50	3	10.311	1	1	0
49	99	0	14.548	1	1	0
49	99	1	8.9697	1	1	0
49	99	2	11.996	1	1	0
49	99	3	11.839	1	1	0
50	0	0	17.83	1	0	0
50	0	1	15.147	1	0	0
50	0	2	11.947	1	0	0
50	0	3	22.898	1	0	0
50	6	0	27.884	1	0	0
50	6	1	23.564	1	0	0
50	6	2	26.078	1	0	0
50	6	3	24.683	1	0	0
50	12	0	32.544	1	0	0
50	12	1	26.634	1	0	0
50	12	2	30.279	1	0	0
50	12	3	31.001	1	0	0
50	25	0	47.095	1	0	0
50	25	1	41.543	1	0	0
50	25	2	38.056	1	0	0
50	25	3	28.111	1	0	0
50	50	0	52.562	1	0	0
50	50	1	59.426	1	0	0
50	50	2	50.808	1	0	0
50	50	3	58.372	1	0	0
50	99	0	78.576	1	0	0
50	99	1	65.821	1	0	0
50	99	2	59.597	1	0	0
50	99	3	55.263	1	0	0
51	0	0	69.267	1	1	0
51	0	1	103.71	1	1	0
51	0	2	155.31	1	1	0
51	0	3	184.47	1	1	0
51	6	0	59.36	1	1	0
51	6	1	118.2	1	1	0
51	6	2	141.94	1	1	0
51	6	3	181.55	1	1	0
51	12	0	68.6	1	1	0
51	12	1	137.85	1	1	0
51	12	2	159.45	1	1	0
51	12	3	178.61	1	1	0
51	25	0	88.763	1	1	0
51	25	1	133.74	1	1	0
51	25	2	161.62	1	1	0
51	25	3	194.43	1	1	0
51	50	0	95.249	1	1	0
51	50	1	125.29	1	1	0
51	50	2	172.66	1	1	0
51	50	3	179.4	1	1	0
51	99	0	92.276	1	1	0
51	99	1	150.81	1	1	0
51	99	2	166.84	1	1	0
51	99	3	189.94	1	1	0
53	0	0	1.2373	1	1	0
53	0	1	11.032	1	1	0
53	0	2	6.99	1	1	0
53	0	3	12.987	1	1	0
53	6	0	2.8096	1	1	0
53	6	1	11.506	1	1	0
53	6	2	15.437	1	1	0
53	6	3	7.215	1	1	0
53	12	0	11.808	1	1	0
53	12	1	13.11	1	1	0
53	12	2	17.046	1	1	0
53	12	3	18.679	1	1	0
53	25	0	21.95	1	1	0
53	25	1	18.215	1	1	0
53	25	2	9.9643	1	1	0
53	25	3	15.555	1	1	0
53	50	0	14.3	1	1	0
53	50	1	25.892	1	1	0
53	50	2	26.496	1	1	0
53	50	3	16.03	1	1	0
53	99	0	17.032	1	1	0
53	99	1	18.705	1	1	0
53	99	2	22.898	1	1	0
53	99	3	15.854	1	1	0
57	0	0	53.436	1	1	0
57	0	1	57.975	1	1	0
57	0	2	126.29	1	1	0
57	0	3	181.01	1	1	0
57	6	0	77.608	1	1	0
57	6	1	93.963	1	1	0
57	6	2	149.93	1	1	0
57	6	3	199.84	1	1	0
57	12	0	111.56	1	1	0
57	12	1	105.37	1	1	0
57	12	2	162.84	1	1	0
57	12	3	198.78	1	1	0
57	25	0	117.22	1	1	0
57	25	1	126.93	1	1	0
57	25	2	176.07	1	1	0
57	25	3	207.95	1	1	0
57	50	0	140.77	1	1	0
57	50	1	135.39	1	1	0
57	50	2	162.98	1	1	0
57	50	3	206.25	1	1	0
57	99	0	137.78	1	1	0
57	99	1	145.3	1	1	0
57	99	2	171.27	1	1	0
57	99	3	208.63	1	1	0
59	0	0	111.01	1	1	0
59	0	1	126.36	1	1	0
59	0	2	162.93	1	1	0
59	0	3	227.03	1	1	0
59	6	0	129.37	1	1	0
59	6	1	125.51	1	1	0
59	6	2	164.04	1	1	0
59	6	3	198.95	1	1	0
59	12	0	128.45	1	1	0
59	12	1	174.58	1	1	0
59	12	2	202.57	1	1	0
59	12	3	206.64	1	1	0
59	25	0	150.13	1	1	0
59	25	1	159.76	1	1	0
59	25	2	194.1	1	1	0
59	25	3	240.96	1	1	0
59	50	0	140.74	1	1	0
59	50	1	170.52	1	1	0
59	50	2	162.57	1	1	0
59	50	3	244.46	1	1	0
59	99	0	142.85	1	1	0
59	99	1	154.42	1	1	0
59	99	2	185.9	1	1	0
59	99	3	233.86	1	1	0
62	0	0	156.78	1	0	0
62	0	1	182.31	1	0	0
62	0	2	208.55	1	0	0
62	0	3	264.53	1	0	0
62	6	0	174.17	1	0	0
62	6	1	212.35	1	0	0
62	6	2	236.62	1	0	0
62	6	3	245.61	1	0	0
62	12	0	211.86	1	0	0
62	12	1	236.87	1	0	0
62	12	2	259.5	1	0	0
62	12	3	290.03	1	0	0
62	25	0	229.03	1	0	0
62	25	1	228.87	1	0	0
62	25	2	274.39	1	0	0
62	25	3	301.59	1	0	0
62	50	0	216.57	1	0	0
62	50	1	250.01	1	0	0
62	50	2	270.72	1	0	0
62	50	3	286.7	1	0	0
62	99	0	253.55	1	0	0
62	99	1	269.66	1	0	0
62	99	2	272.15	1	0	0
62	99	3	298.68	1	0	0
64	0	0	65.778	1	0	0
64	0	1	93.061	1	0	0
64	0	2	122.48	1	0	0
64	0	3	138.42	1	0	0
64	6	0	63.179	1	0	0
64	6	1	95.566	1	0	0
64	6	2	115.43	1	0	0
64	6	3	147.77	1	0	0
64	12	0	75.024	1	0	0
64	12	1	100.84	1	0	0
64	12	2	115.96	1	0	0
64	12	3	151.72	1	0	0
64	25	0	82.136	1	0	0
64	25	1	111.35	1	0	0
64	25	2	131.97	1	0	0
64	25	3	134.36	1	0	0
64	50	0	89.861	1	0	0
64	50	1	110.34	1	0	0
64	50	2	124.43	1	0	0
64	50	3	174.83	1	0	0
64	99	0	92.634	1	0	0
64	99	1	101.53	1	0	0
64	99	2	120.62	1	0	0
64	99	3	152.36	1	0	0
66	0	0	90.139	1	1	0
66	0	1	149.21	1	1	0
66	0	2	207.51	1	1	0
66	0	3	349.58	1	1	0
66	6	0	114.75	1	1	0
66	6	1	158.49	1	1	0
66	6	2	200.33	1	1	0
66	6	3	368.45	1	1	0
66	12	0	124.74	1	1	0
66	12	1	170.14	1	1	0
66	12	2	241.06	1	1	0
66	12	3	354.84	1	1	0
66	25	0	167.09	1	1	0
66	25	1	208.71	1	1	0
66	25	2	257.41	1	1	0
66	25	3	347.94	1	1	0
66	50	0	191.1	1	1	0
66	50	1	248.28	1	1	0
66	50	2	271.53	1	1	0
66	50	3	367.63	1	1	0
66	99	0	212.73	1	1	0
66	99	1	251.38	1	1	0
66	99	2	291.04	1	1	0
66	99	3	363.05	1	1	0
68	0	0	39.644	1	1	0
68	0	1	48.338	1	1	0
68	0	2	74.674	1	1	0
68	0	3	110.58	1	1	0
68	6	0	64.722	1	1	0
68	6	1	63.38	1	1	0
68	6	2	82.677	1	1	0
68	6	3	111.64	1	1	0
68	12	0	74.413	1	1	0
68	12	1	72.915	1	1	0
68	12	2	97.42	1	1	0
68	12	3	110.5	1	1	0
68	25	0	98.035	1	1	0
68	25	1	95.584	1	1	0
68	25	2	102.79	1	1	0
68	25	3	127.2	1	1	0
68	50	0	93.944	1	1	0
68	50	1	110.35	1	1	0
68	50	2	163.16	1	1	0
68	50	3	136.21	1	1	0
68	99	0	129.94	1	1	0
68	99	1	146.14	1	1	0
68	99	2	149.64	1	1	0
68	99	3	157.53	1	1	0
70	0	0	64.719	1	1	0
70	0	1	84.423	1	1	0
70	0	2	144.42	1	1	0
70	0	3	225.9	1	1	0
70	6	0	103.47	1	1	0
70	6	1	94.832	1	1	0
70	6	2	164.26	1	1	0
70	6	3	232.97	1	1	0
70	12	0	139.94	1	1	0
70	12	1	157.93	1	1	0
70	12	2	186.24	1	1	0
70	12	3	233.4	1	1	0
70	25	0	184.8	1	1	0
70	25	1	162.11	1	1	0
70	25	2	230.53	1	1	0
70	25	3	272.61	1	1	0
70	50	0	185.79	1	1	0
70	50	1	184.75	1	1	0
70	50	2	228.14	1	1	0
70	50	3	272.59	1	1	0
70	99	0	239.57	1	1	0
70	99	1	242.19	1	1	0
70	99	2	238.07	1	1	0
70	99	3	310.33	1	1	0
72	0	0	22.956	1	1	0
72	0	1	18.765	1	1	0
72	0	2	19.371	1	1	0
72	0	3	36.332	1	1	0
72	6	0	22.91	1	1	0
72	6	1	13.906	1	1	0
72	6	2	19.453	1	1	0
72	6	3	28.786	1	1	0
72	12	0	23.356	1	1	0
72	12	1	15.519	1	1	0
72	12	2	21.995	1	1	0
72	12	3	28.765	1	1	0
72	25	0	27.766	1	1	0
72	25	1	28.253	1	1	0
72	25	2	28.453	1	1	0
72	25	3	33.32	1	1	0
72	50	0	36.959	1	1	0
72	50	1	39.757	1	1	0
72	50	2	33.358	1	1	0
72	50	3	45.855	1	1	0
72	99	0	44.868	1	1	0
72	99	1	41.612	1	1	0
72	99	2	39.529	1	1	0
72	99	3	46.389	1	1	0
73	0	0	41.942	1	1	0
73	0	1	45.693	1	1	0
73	0	2	65.459	1	1	0
73	0	3	82.938	1	1	0
73	6	0	67.056	1	1	0
73	6	1	70.255	1	1	0
73	6	2	90.843	1	1	0
73	6	3	92.86	1	1	0
73	12	0	94.447	1	1	0
73	12	1	107.07	1	1	0
73	12	2	84.559	1	1	0
73	12	3	110.86	1	1	0
73	25	0	129.89	1	1	0
73	25	1	133.2	1	1	0
73	25	2	136.5	1	1	0
73	25	3	119.34	1	1	0
73	50	0	148.95	1	1	0
73	50	1	137.51	1	1	0
73	50	2	132.4	1	1	0
73	50	3	131.99	1	1	0
73	99	0	150.12	1	1	0
73	99	1	158.68	1	1	0
73	99	2	146.96	1	1	0
73	99	3	139.13	1	1	0
76	0	0	37.949	1	1	0
76	0	1	35.076	1	1	0
76	0	2	31.522	1	1	0
76	0	3	42.008	1	1	0
76	6	0	60.88	1	1	0
76	6	1	47.394	1	1	0
76	6	2	43.766	1	1	0
76	6	3	51.721	1	1	0
76	12	0	59.63	1	1	0
76	12	1	71.729	1	1	0
76	12	2	57.616	1	1	0
76	12	3	54.679	1	1	0
76	25	0	73.799	1	1	0
76	25	1	65.945	1	1	0
76	25	2	49.095	1	1	0
76	25	3	77.77	1	1	0
76	50	0	68.764	1	1	0
76	50	1	71.046	1	1	0
76	50	2	79.086	1	1	0
76	50	3	77.303	1	1	0
76	99	0	90.045	1	1	0
76	99	1	74.496	1	1	0
76	99	2	73.185	1	1	0
76	99	3	75.074	1	1	0
77	0	0	40.467	1	1	0
77	0	1	26.64	1	1	0
77	0	2	47.519	1	1	0
77	0	3	88.799	1	1	0
77	6	0	58.688	1	1	0
77	6	1	56.655	1	1	0
77	6	2	51.645	1	1	0
77	6	3	90.489	1	1	0
77	12	0	87.609	1	1	0
77	12	1	66.525	1	1	0
77	12	2	90.377	1	1	0
77	12	3	80.196	1	1	0
77	25	0	96.882	1	1	0
77	25	1	73.705	1	1	0
77	25	2	99.321	1	1	0
77	25	3	109.88	1	1	0
77	50	0	102.91	1	1	0
77	50	1	96.39	1	1	0
77	50	2	86.919	1	1	0
77	50	3	110.14	1	1	0
77	99	0	102.87	1	1	0
77	99	1	103.9	1	1	0
77	99	2	107.7	1	1	0
77	99	3	122.85	1	1	0
78	0	0	9.5362	1	1	0
78	0	1	13.366	1	1	0
78	0	2	31.38	1	1	0
78	0	3	60.842	1	1	0
78	6	0	45.603	1	1	0
78	6	1	31.329	1	1	0
78	6	2	47.325	1	1	0
78	6	3	57.182	1	1	0
78	12	0	74.783	1	1	0
78	12	1	59.041	1	1	0
78	12	2	55.467	1	1	0
78	12	3	75.959	1	1	0
78	25	0	78.841	1	1	0
78	25	1	69.529	1	1	0
78	25	2	63.965	1	1	0
78	25	3	74.245	1	1	0
78	50	0	88.38	1	1	0
78	50	1	79.054	1	1	0
78	50	2	64.573	1	1	0
78	50	3	76.967	1	1	0
78	99	0	86.205	1	1	0
78	99	1	74.875	1	1	0
78	99	2	66.376	1	1	0
78	99	3	77.11	1	1	0
79	0	0	3.288	1	0	0
79	0	1	2.4337	1	0	0
79	0	2	4.8398	1	0	0
79	0	3	7.0685	1	0	0
79	6	0	4.6748	1	0	0
79	6	1	5.8053	1	0	0
79	6	2	7.6095	1	0	0
79	6	3	11.563	1	0	0
79	12	0	5.6151	1	0	0
79	12	1	6.443	1	0	0
79	12	2	5.3854	1	0	0
79	12	3	9.908	1	0	0
79	25	0	5.2295	1	0	0
79	25	1	7.665	1	0	0
79	25	2	6.0278	1	0	0
79	25	3	8.016	1	0	0
79	50	0	6.1016	1	0	0
79	50	1	9.5455	1	0	0
79	50	2	6.0076	1	0	0
79	50	3	6.3852	1	0	0
79	99	0	6.5139	1	0	0
79	99	1	10.648	1	0	0
79	99	2	11.644	1	0	0
79	99	3	12.31	1	0	0
80	0	0	128.57	1	1	0
80	0	1	162.82	1	1	0
80	0	2	225.48	1	1	0
80	0	3	293.75	1	1	0
80	6	0	147.82	1	1	0
80	6	1	180.58	1	1	0
80	6	2	233.15	1	1	0
80	6	3	295	1	1	0
80	12	0	169.84	1	1	0
80	12	1	191.96	1	1	0
80	12	2	233.28	1	1	0
80	12	3	284.1	1	1	0
80	25	0	186.78	1	1	0
80	25	1	214.38	1	1	0
80	25	2	232.34	1	1	0
80	25	3	299.41	1	1	0
80	50	0	168.19	1	1	0
80	50	1	202.1	1	1	0
80	50	2	255.89	1	1	0
80	50	3	289.36	1	1	0
80	99	0	203.38	1	1	0
80	99	1	222.37	1	1	0
80	99	2	270.9	1	1	0
80	99	3	300.55	1	1	0
82	0	0	194.82	1	1	0
82	0	1	278.25	1	1	0
82	0	2	376.75	1	1	0
82	0	3	442.99	1	1	0
82	6	0	215.04	1	1	0
82	6	1	289.41	1	1	0
82	6	2	354.45	1	1	0
82	6	3	460.46	1	1	0
82	12	0	249.94	1	1	0
82	12	1	312.63	1	1	0
82	12	2	379.32	1	1	0
82	12	3	451.9	1	1	0
82	25	0	273.48	1	1	0
82	25	1	336.27	1	1	0
82	25	2	373.82	1	1	0
82	25	3	427.79	1	1	0
82	50	0	270.97	1	1	0
82	50	1	327.31	1	1	0
82	50	2	387.55	1	1	0
82	50	3	422.04	1	1	0
82	99	0	284.54	1	1	0
82	99	1	342.52	1	1	0
82	99	2	363.06	1	1	0
82	99	3	429.51	1	1	0
84	0	0	99.356	1	1	0
84	0	1	144.56	1	1	0
84	0	2	194.74	1	1	0
84	0	3	374.14	1	1	0
84	6	0	131.53	1	1	0
84	6	1	158.13	1	1	0
84	6	2	206.08	1	1	0
84	6	3	368.68	1	1	0
84	12	0	155.9	1	1	0
84	12	1	180.1	1	1	0
84	12	2	231.22	1	1	0
84	12	3	385.2	1	1	0
84	25	0	198.87	1	1	0
84	25	1	225.45	1	1	0
84	25	2	269.27	1	1	0
84	25	3	374.78	1	1	0
84	50	0	240.22	1	1	0
84	50	1	265.31	1	1	0
84	50	2	282.98	1	1	0
84	50	3	380.65	1	1	0
84	99	0	254.55	1	1	0
84	99	1	276.4	1	1	0
84	99	2	321.79	1	1	0
84	99	3	386.98	1	1	0
86	0	0	28.185	1	1	0
86	0	1	47.67	1	1	0
86	0	2	47.153	1	1	0
86	0	3	50.276	1	1	0
86	6	0	29.837	1	1	0
86	6	1	31.693	1	1	0
86	6	2	45.518	1	1	0
86	6	3	47.584	1	1	0
86	12	0	33.364	1	1	0
86	12	1	33.163	1	1	0
86	12	2	33.796	1	1	0
86	12	3	49.551	1	1	0
86	25	0	29.752	1	1	0
86	25	1	41.457	1	1	0
86	25	2	52.869	1	1	0
86	25	3	47.475	1	1	0
86	50	0	43.888	1	1	0
86	50	1	52.052	1	1	0
86	50	2	56.952	1	1	0
86	50	3	54.748	1	1	0
86	99	0	54.155	1	1	0
86	99	1	55.8	1	1	0
86	99	2	73.848	1	1	0
86	99	3	72.325	1	1	0
88	0	0	21.434	1	0	0
88	0	1	26.655	1	0	0
88	0	2	18.848	1	0	0
88	0	3	23.042	1	0	0
88	6	0	22.31	1	0	0
88	6	1	22.97	1	0	0
88	6	2	21.811	1	0	0
88	6	3	32.379	1	0	0
88	12	0	28.362	1	0	0
88	12	1	20.017	1	0	0
88	12	2	23.924	1	0	0
88	12	3	33.053	1	0	0
88	25	0	25.23	1	0	0
88	25	1	21.369	1	0	0
88	25	2	23.762	1	0	0
88	25	3	26.551	1	0	0
88	50	0	30.299	1	0	0
88	50	1	28.315	1	0	0
88	50	2	36.105	1	0	0
88	50	3	41.424	1	0	0
88	99	0	37.726	1	0	0
88	99	1	39.27	1	0	0
88	99	2	40.775	1	0	0
88	99	3	38.763	1	0	0
92	0	0	187.81	1	1	0
92	0	1	182.44	1	1	0
92	0	2	179.38	1	1	0
92	0	3	200.61	1	1	0
92	6	0	213.15	1	1	0
92	6	1	206.49	1	1	0
92	6	2	214.08	1	1	0
92	6	3	211.44	1	1	0
92	12	0	224.41	1	1	0
92	12	1	239.08	1	1	0
92	12	2	217.65	1	1	0
92	12	3	222.15	1	1	0
92	25	0	229.1	1	1	0
92	25	1	209.11	1	1	0
92	25	2	225.39	1	1	0
92	25	3	248.34	1	1	0
92	50	0	218.5	1	1	0
92	50	1	214.74	1	1	0
92	50	2	223.18	1	1	0
92	50	3	220.09	1	1	0
92	99	0	266.23	1	1	0
92	99	1	230.86	1	1	0
92	99	2	225.67	1	1	0
92	99	3	231.05	1	1	0
93	0	0	4.9635	1	1	0
93	0	1	0.86004	1	1	0
93	0	2	2.5343	1	1	0
93	0	3	4.1679	1	1	0
93	6	0	7.3552	1	1	0
93	6	1	2.9257	1	1	0
93	6	2	3.6739	1	1	0
93	6	3	4.606	1	1	0
93	12	0	13.405	1	1	0
93	12	1	5.3988	1	1	0
93	12	2	2.1703	1	1	0
93	12	3	5.4835	1	1	0
93	25	0	9.4962	1	1	0
93	25	1	4.4611	1	1	0
93	25	2	4.1972	1	1	0
93	25	3	3.3853	1	1	0
93	50	0	7.5059	1	1	0
93	50	1	1.6854	1	1	0
93	50	2	2.9749	1	1	0
93	50	3	6.3638	1	1	0
93	99	0	6.2821	1	1	0
93	99	1	6.9541	1	1	0
93	99	2	2.9309	1	1	0
93	99	3	7.9307	1	1	0
94	0	0	348.81	0	1	0
94	0	1	438.27	0	1	0
94	0	2	564.08	0	1	0
94	0	3	589.59	0	1	0
94	6	0	405.61	0	1	0
94	6	1	473.93	0	1	0
94	6	2	565.53	0	1	0
94	6	3	590.48	0	1	0
94	12	0	444.64	0	1	0
94	12	1	493.69	0	1	0
94	12	2	572.8	0	1	0
94	12	3	594.07	0	1	0
94	25	0	473.04	0	1	0
94	25	1	513.32	0	1	0
94	25	2	581.05	0	1	0
94	25	3	583.14	0	1	0
94	50	0	505.65	0	1	0
94	50	1	547.81	0	1	0
94	50	2	583.83	0	1	0
94	50	3	603.8	0	1	0
94	99	0	505.11	0	1	0
94	99	1	550.03	0	1	0
94	99	2	603.16	0	1	0
94	99	3	607.74	0	1	0
96	0	0	63.818	1	0	0
96	0	1	146.12	1	0	0
96	0	2	215.4	1	0	0
96	0	3	263.05	1	0	0
96	6	0	60.913	1	0	0
96	6	1	132.45	1	0	0
96	6	2	208.82	1	0	0
96	6	3	241.11	1	0	0
96	12	0	107.64	1	0	0
96	12	1	169.21	1	0	0
96	12	2	227.06	1	0	0
96	12	3	251.8	1	0	0
96	25	0	110.23	1	0	0
96	25	1	172.23	1	0	0
96	25	2	231.47	1	0	0
96	25	3	263.86	1	0	0
96	50	0	131.15	1	0	0
96	50	1	192.68	1	0	0
96	50	2	244.16	1	0	0
96	50	3	258.22	1	0	0
96	99	0	147.2	1	0	0
96	99	1	192.64	1	0	0
96	99	2	236.1	1	0	0
96	99	3	256.21	1	0	0
101	0	0	108.67	1	1	0
101	0	1	160.1	1	1	0
101	0	2	179.3	1	1	0
101	0	3	251.06	1	1	0
101	6	0	120.68	1	1	0
101	6	1	152.33	1	1	0
101	6	2	195.21	1	1	0
101	6	3	253.29	1	1	0
101	12	0	133.64	1	1	0
101	12	1	177.63	1	1	0
101	12	2	205.84	1	1	0
101	12	3	236.31	1	1	0
101	25	0	171.19	1	1	0
101	25	1	181.59	1	1	0
101	25	2	211.52	1	1	0
101	25	3	265.32	1	1	0
101	50	0	181.8	1	1	0
101	50	1	204.84	1	1	0
101	50	2	223.83	1	1	0
101	50	3	246.67	1	1	0
101	99	0	218.21	1	1	0
101	99	1	241.4	1	1	0
101	99	2	243.44	1	1	0
101	99	3	258.97	1	1	0
104	0	0	52.694	0	1	0
104	0	1	38.826	0	1	0
104	0	2	46.389	0	1	0
104	0	3	71.525	0	1	0
104	6	0	97.269	0	1	0
104	6	1	95.93	0	1	0
104	6	2	75.801	0	1	0
104	6	3	83.881	0	1	0
104	12	0	112.67	0	1	0
104	12	1	114.29	0	1	0
104	12	2	94.906	0	1	0
104	12	3	117.26	0	1	0
104	25	0	127.41	0	1	0
104	25	1	121.26	0	1	0
104	25	2	107.89	0	1	0
104	25	3	103.98	0	1	0
104	50	0	125.73	0	1	0
104	50	1	121.28	0	1	0
104	50	2	122.76	0	1	0
104	50	3	113.17	0	1	0
104	99	0	122.05	0	1	0
104	99	1	128.09	0	1	0
104	99	2	112.36	0	1	0
104	99	3	104.4	0	1	0
107	0	0	30.477	1	1	0
107	0	1	48.962	1	1	0
107	0	2	55.11	1	1	0
107	0	3	71.817	1	1	0
107	6	0	75.022	1	1	0
107	6	1	78.065	1	1	0
107	6	2	95.214	1	1	0
107	6	3	99.854	1	1	0
107	12	0	116.44	1	1	0
107	12	1	90.473	1	1	0
107	12	2	111.89	1	1	0
107	12	3	123.08	1	1	0
107	25	0	133.73	1	1	0
107	25	1	118.62	1	1	0
107	25	2	104.56	1	1	0
107	25	3	116.73	1	1	0
107	50	0	124.41	1	1	0
107	50	1	122.96	1	1	0
107	50	2	141.02	1	1	0
107	50	3	132.61	1	1	0
107	99	0	143.39	1	1	0
107	99	1	155.74	1	1	0
107	99	2	147.32	1	1	0
107	99	3	136.77	1	1	0
109	0	0	62.625	1	1	0
109	0	1	91.096	1	1	0
109	0	2	143.03	1	1	0
109	0	3	191.31	1	1	0
109	6	0	59.21	1	1	0
109	6	1	91.066	1	1	0
109	6	2	146.33	1	1	0
109	6	3	211.81	1	1	0
109	12	0	58.425	1	1	0
109	12	1	103.38	1	1	0
109	12	2	139.03	1	1	0
109	12	3	223.96	1	1	0
109	25	0	86.733	1	1	0
109	25	1	104.89	1	1	0
109	25	2	143.7	1	1	0
109	25	3	212.78	1	1	0
109	50	0	109.33	1	1	0
109	50	1	134.07	1	1	0
109	50	2	170.94	1	1	0
109	50	3	215.63	1	1	0
109	99	0	139.31	1	1	0
109	99	1	180.45	1	1	0
109	99	2	200.21	1	1	0
109	99	3	228.2	1	1	0
111	0	0	87.736	1	0	0
111	0	1	186.89	1	0	0
111	0	2	259.45	1	0	0
111	0	3	324.22	1	0	0
111	6	0	136.53	1	0	0
111	6	1	217.32	1	0	0
111	6	2	269.8	1	0	0
111	6	3	297.56	1	0	0
111	12	0	152.68	1	0	0
111	12	1	232.68	1	0	0
111	12	2	266.27	1	0	0
111	12	3	296	1	0	0
111	25	0	175.77	1	0	0
111	25	1	241.27	1	0	0
111	25	2	276.47	1	0	0
111	25	3	291.3	1	0	0
111	50	0	202.81	1	0	0
111	50	1	246.26	1	0	0
111	50	2	297.15	1	0	0
111	50	3	296.62	1	0	0
111	99	0	184.44	1	0	0
111	99	1	243.45	1	0	0
111	99	2	286.88	1	0	0
111	99	3	291.91	1	0	0
