	J	r_X	sigma_Lambda_over_Lambda	Tmax_over_tau_E	sigma_t	tau_rp	g_E	g_I	beta	K	ell	CV_K	idx_species	idx_combined
0	0.0007312368555176851	3.6875959216006393	0.9039013550373425	200.0	0.01	0.002	8.79804805611206	7.6417372860326145	0.2556614484940212	500.0	12.686237092363129	0.025805930402360053	0.0	0.0
1	0.0007312368555176851	4.061587355100946	0.9039013550373425	200.0	0.01	0.002	8.79804805611206	7.6417372860326145	0.2556614484940212	500.0	12.686237092363129	0.025805930402360053	0.0	0.0
2	0.0007312368555176851	4.222099564079653	0.9039013550373425	200.0	0.01	0.002	8.79804805611206	7.6417372860326145	0.2556614484940212	500.0	12.686237092363129	0.025805930402360053	0.0	0.0
3	0.0007312368555176851	4.45624041562253	0.9039013550373425	200.0	0.01	0.002	8.79804805611206	7.6417372860326145	0.2556614484940212	500.0	12.686237092363129	0.025805930402360053	0.0	0.0
4	0.0007312368555176851	4.578019907363396	0.9039013550373425	200.0	0.01	0.002	8.79804805611206	7.6417372860326145	0.2556614484940212	500.0	12.686237092363129	0.025805930402360053	0.0	0.0
5	0.0007312368555176851	5.90959979028158	0.9039013550373425	200.0	0.01	0.002	8.79804805611206	7.6417372860326145	0.2556614484940212	500.0	12.686237092363129	0.025805930402360053	0.0	0.0
6	0.0007312368555176851	9.743041232283613	0.9039013550373425	200.0	0.01	0.002	8.79804805611206	7.6417372860326145	0.2556614484940212	500.0	12.686237092363129	0.025805930402360053	0.0	0.0
7	0.0007251517129448396	10.868131402934763	8.573775023753248	200.0	0.01	0.002	8.105615112078505	4.696530852364691	1.7875342878014224	500.0	3.310851464529854	0.006960483405493414	1.0	0.0
8	0.0007251517129448396	22.692650922520617	8.573775023753248	200.0	0.01	0.002	8.105615112078505	4.696530852364691	1.7875342878014224	500.0	3.310851464529854	0.006960483405493414	1.0	0.0
9	0.0007251517129448396	28.37137449225286	8.573775023753248	200.0	0.01	0.002	8.105615112078505	4.696530852364691	1.7875342878014224	500.0	3.310851464529854	0.006960483405493414	1.0	0.0
10	0.0007251517129448396	32.46075900052354	8.573775023753248	200.0	0.01	0.002	8.105615112078505	4.696530852364691	1.7875342878014224	500.0	3.310851464529854	0.006960483405493414	1.0	0.0
11	0.0007251517129448396	34.19607833818938	8.573775023753248	200.0	0.01	0.002	8.105615112078505	4.696530852364691	1.7875342878014224	500.0	3.310851464529854	0.006960483405493414	1.0	0.0
12	0.0007251517129448396	36.50845518789741	8.573775023753248	200.0	0.01	0.002	8.105615112078505	4.696530852364691	1.7875342878014224	500.0	3.310851464529854	0.006960483405493414	1.0	0.0
13	9.988606724445255e-05	10.40571031005252	1.6161139676193121	200.0	0.01	0.002	8.09590637488687	6.8236852630745926	0.17703615627454092	500.0	2.382021361329143	0.005649043158408668	0.0	1.0
14	9.988606724445255e-05	11.669334219358815	1.6161139676193121	200.0	0.01	0.002	8.09590637488687	6.8236852630745926	0.17703615627454092	500.0	2.382021361329143	0.005649043158408668	0.0	1.0
15	9.988606724445255e-05	12.311551384371931	1.6161139676193121	200.0	0.01	0.002	8.09590637488687	6.8236852630745926	0.17703615627454092	500.0	2.382021361329143	0.005649043158408668	0.0	1.0
16	9.988606724445255e-05	13.202943919712839	1.6161139676193121	200.0	0.01	0.002	8.09590637488687	6.8236852630745926	0.17703615627454092	500.0	2.382021361329143	0.005649043158408668	0.0	1.0
17	9.988606724445255e-05	13.621787451645655	1.6161139676193121	200.0	0.01	0.002	8.09590637488687	6.8236852630745926	0.17703615627454092	500.0	2.382021361329143	0.005649043158408668	0.0	1.0
18	9.988606724445255e-05	18.46886729678453	1.6161139676193121	200.0	0.01	0.002	8.09590637488687	6.8236852630745926	0.17703615627454092	500.0	2.382021361329143	0.005649043158408668	0.0	1.0
19	9.988606724445255e-05	24.903677862696235	1.6161139676193121	200.0	0.01	0.002	8.09590637488687	6.8236852630745926	0.17703615627454092	500.0	2.382021361329143	0.005649043158408668	0.0	1.0
20	9.988606724445255e-05	31.957583350130534	1.6161139676193121	200.0	0.01	0.002	8.09590637488687	6.8236852630745926	0.17703615627454092	500.0	7.309689200687516	0.005649043158408668	1.0	1.0
21	9.988606724445255e-05	53.74634188292463	1.6161139676193121	200.0	0.01	0.002	8.09590637488687	6.8236852630745926	0.17703615627454092	500.0	7.309689200687516	0.005649043158408668	1.0	1.0
22	9.988606724445255e-05	65.09856517348874	1.6161139676193121	200.0	0.01	0.002	8.09590637488687	6.8236852630745926	0.17703615627454092	500.0	7.309689200687516	0.005649043158408668	1.0	1.0
23	9.988606724445255e-05	73.7599979642924	1.6161139676193121	200.0	0.01	0.002	8.09590637488687	6.8236852630745926	0.17703615627454092	500.0	7.309689200687516	0.005649043158408668	1.0	1.0
24	9.988606724445255e-05	77.20268383271905	1.6161139676193121	200.0	0.01	0.002	8.09590637488687	6.8236852630745926	0.17703615627454092	500.0	7.309689200687516	0.005649043158408668	1.0	1.0
25	9.988606724445255e-05	82.20613486791149	1.6161139676193121	200.0	0.01	0.002	8.09590637488687	6.8236852630745926	0.17703615627454092	500.0	7.309689200687516	0.005649043158408668	1.0	1.0
26	0.0007312368555176851	3.6875959216006393	0.9039013550373425	200.0	0.01	0.002	8.79804805611206	7.6417372860326145	0.2556614484940212	500.0	12.686237092363129	0.025805930402360053	0.0	0.0
27	0.0007312368555176851	4.061587355100946	0.9039013550373425	200.0	0.01	0.002	8.79804805611206	7.6417372860326145	0.2556614484940212	500.0	12.686237092363129	0.025805930402360053	0.0	0.0
28	0.0007312368555176851	4.222099564079653	0.9039013550373425	200.0	0.01	0.002	8.79804805611206	7.6417372860326145	0.2556614484940212	500.0	12.686237092363129	0.025805930402360053	0.0	0.0
29	0.0007312368555176851	4.45624041562253	0.9039013550373425	200.0	0.01	0.002	8.79804805611206	7.6417372860326145	0.2556614484940212	500.0	12.686237092363129	0.025805930402360053	0.0	0.0
30	0.0007312368555176851	4.578019907363396	0.9039013550373425	200.0	0.01	0.002	8.79804805611206	7.6417372860326145	0.2556614484940212	500.0	12.686237092363129	0.025805930402360053	0.0	0.0
31	0.0007312368555176851	5.90959979028158	0.9039013550373425	200.0	0.01	0.002	8.79804805611206	7.6417372860326145	0.2556614484940212	500.0	12.686237092363129	0.025805930402360053	0.0	0.0
32	0.0007312368555176851	9.743041232283613	0.9039013550373425	200.0	0.01	0.002	8.79804805611206	7.6417372860326145	0.2556614484940212	500.0	12.686237092363129	0.025805930402360053	0.0	0.0
33	0.0007251517129448396	10.868131402934763	8.573775023753248	200.0	0.01	0.002	8.105615112078505	4.696530852364691	1.7875342878014224	500.0	3.310851464529854	0.006960483405493414	1.0	0.0
34	0.0007251517129448396	22.692650922520617	8.573775023753248	200.0	0.01	0.002	8.105615112078505	4.696530852364691	1.7875342878014224	500.0	3.310851464529854	0.006960483405493414	1.0	0.0
35	0.0007251517129448396	28.37137449225286	8.573775023753248	200.0	0.01	0.002	8.105615112078505	4.696530852364691	1.7875342878014224	500.0	3.310851464529854	0.006960483405493414	1.0	0.0
36	0.0007251517129448396	32.46075900052354	8.573775023753248	200.0	0.01	0.002	8.105615112078505	4.696530852364691	1.7875342878014224	500.0	3.310851464529854	0.006960483405493414	1.0	0.0
37	0.0007251517129448396	34.19607833818938	8.573775023753248	200.0	0.01	0.002	8.105615112078505	4.696530852364691	1.7875342878014224	500.0	3.310851464529854	0.006960483405493414	1.0	0.0
38	0.0007251517129448396	36.50845518789741	8.573775023753248	200.0	0.01	0.002	8.105615112078505	4.696530852364691	1.7875342878014224	500.0	3.310851464529854	0.006960483405493414	1.0	0.0
39	9.988606724445255e-05	10.40571031005252	1.6161139676193121	200.0	0.01	0.002	8.09590637488687	6.8236852630745926	0.17703615627454092	500.0	2.382021361329143	0.005649043158408668	0.0	1.0
40	9.988606724445255e-05	11.669334219358815	1.6161139676193121	200.0	0.01	0.002	8.09590637488687	6.8236852630745926	0.17703615627454092	500.0	2.382021361329143	0.005649043158408668	0.0	1.0
41	9.988606724445255e-05	12.311551384371931	1.6161139676193121	200.0	0.01	0.002	8.09590637488687	6.8236852630745926	0.17703615627454092	500.0	2.382021361329143	0.005649043158408668	0.0	1.0
42	9.988606724445255e-05	13.202943919712839	1.6161139676193121	200.0	0.01	0.002	8.09590637488687	6.8236852630745926	0.17703615627454092	500.0	2.382021361329143	0.005649043158408668	0.0	1.0
43	9.988606724445255e-05	13.621787451645655	1.6161139676193121	200.0	0.01	0.002	8.09590637488687	6.8236852630745926	0.17703615627454092	500.0	2.382021361329143	0.005649043158408668	0.0	1.0
44	9.988606724445255e-05	18.46886729678453	1.6161139676193121	200.0	0.01	0.002	8.09590637488687	6.8236852630745926	0.17703615627454092	500.0	2.382021361329143	0.005649043158408668	0.0	1.0
45	9.988606724445255e-05	24.903677862696235	1.6161139676193121	200.0	0.01	0.002	8.09590637488687	6.8236852630745926	0.17703615627454092	500.0	2.382021361329143	0.005649043158408668	0.0	1.0
46	9.988606724445255e-05	31.957583350130534	1.6161139676193121	200.0	0.01	0.002	8.09590637488687	6.8236852630745926	0.17703615627454092	500.0	7.309689200687516	0.005649043158408668	1.0	1.0
47	9.988606724445255e-05	53.74634188292463	1.6161139676193121	200.0	0.01	0.002	8.09590637488687	6.8236852630745926	0.17703615627454092	500.0	7.309689200687516	0.005649043158408668	1.0	1.0
48	9.988606724445255e-05	65.09856517348874	1.6161139676193121	200.0	0.01	0.002	8.09590637488687	6.8236852630745926	0.17703615627454092	500.0	7.309689200687516	0.005649043158408668	1.0	1.0
49	9.988606724445255e-05	73.7599979642924	1.6161139676193121	200.0	0.01	0.002	8.09590637488687	6.8236852630745926	0.17703615627454092	500.0	7.309689200687516	0.005649043158408668	1.0	1.0
50	9.988606724445255e-05	77.20268383271905	1.6161139676193121	200.0	0.01	0.002	8.09590637488687	6.8236852630745926	0.17703615627454092	500.0	7.309689200687516	0.005649043158408668	1.0	1.0
51	9.988606724445255e-05	82.20613486791149	1.6161139676193121	200.0	0.01	0.002	8.09590637488687	6.8236852630745926	0.17703615627454092	500.0	7.309689200687516	0.005649043158408668	1.0	1.0
52	0.0007312368555176851	3.6875959216006393	0.9039013550373425	200.0	0.01	0.002	8.79804805611206	7.6417372860326145	0.2556614484940212	500.0	12.686237092363129	0.025805930402360053	0.0	0.0
53	0.0007312368555176851	4.061587355100946	0.9039013550373425	200.0	0.01	0.002	8.79804805611206	7.6417372860326145	0.2556614484940212	500.0	12.686237092363129	0.025805930402360053	0.0	0.0
54	0.0007312368555176851	4.222099564079653	0.9039013550373425	200.0	0.01	0.002	8.79804805611206	7.6417372860326145	0.2556614484940212	500.0	12.686237092363129	0.025805930402360053	0.0	0.0
55	0.0007312368555176851	4.45624041562253	0.9039013550373425	200.0	0.01	0.002	8.79804805611206	7.6417372860326145	0.2556614484940212	500.0	12.686237092363129	0.025805930402360053	0.0	0.0
56	0.0007312368555176851	4.578019907363396	0.9039013550373425	200.0	0.01	0.002	8.79804805611206	7.6417372860326145	0.2556614484940212	500.0	12.686237092363129	0.025805930402360053	0.0	0.0
57	0.0007312368555176851	5.90959979028158	0.9039013550373425	200.0	0.01	0.002	8.79804805611206	7.6417372860326145	0.2556614484940212	500.0	12.686237092363129	0.025805930402360053	0.0	0.0
58	0.0007312368555176851	9.743041232283613	0.9039013550373425	200.0	0.01	0.002	8.79804805611206	7.6417372860326145	0.2556614484940212	500.0	12.686237092363129	0.025805930402360053	0.0	0.0
59	0.0007251517129448396	10.868131402934763	8.573775023753248	200.0	0.01	0.002	8.105615112078505	4.696530852364691	1.7875342878014224	500.0	3.310851464529854	0.006960483405493414	1.0	0.0
60	0.0007251517129448396	22.692650922520617	8.573775023753248	200.0	0.01	0.002	8.105615112078505	4.696530852364691	1.7875342878014224	500.0	3.310851464529854	0.006960483405493414	1.0	0.0
61	0.0007251517129448396	28.37137449225286	8.573775023753248	200.0	0.01	0.002	8.105615112078505	4.696530852364691	1.7875342878014224	500.0	3.310851464529854	0.006960483405493414	1.0	0.0
62	0.0007251517129448396	32.46075900052354	8.573775023753248	200.0	0.01	0.002	8.105615112078505	4.696530852364691	1.7875342878014224	500.0	3.310851464529854	0.006960483405493414	1.0	0.0
63	0.0007251517129448396	34.19607833818938	8.573775023753248	200.0	0.01	0.002	8.105615112078505	4.696530852364691	1.7875342878014224	500.0	3.310851464529854	0.006960483405493414	1.0	0.0
64	0.0007251517129448396	36.50845518789741	8.573775023753248	200.0	0.01	0.002	8.105615112078505	4.696530852364691	1.7875342878014224	500.0	3.310851464529854	0.006960483405493414	1.0	0.0
65	9.988606724445255e-05	10.40571031005252	1.6161139676193121	200.0	0.01	0.002	8.09590637488687	6.8236852630745926	0.17703615627454092	500.0	2.382021361329143	0.005649043158408668	0.0	1.0
66	9.988606724445255e-05	11.669334219358815	1.6161139676193121	200.0	0.01	0.002	8.09590637488687	6.8236852630745926	0.17703615627454092	500.0	2.382021361329143	0.005649043158408668	0.0	1.0
67	9.988606724445255e-05	12.311551384371931	1.6161139676193121	200.0	0.01	0.002	8.09590637488687	6.8236852630745926	0.17703615627454092	500.0	2.382021361329143	0.005649043158408668	0.0	1.0
68	9.988606724445255e-05	13.202943919712839	1.6161139676193121	200.0	0.01	0.002	8.09590637488687	6.8236852630745926	0.17703615627454092	500.0	2.382021361329143	0.005649043158408668	0.0	1.0
69	9.988606724445255e-05	13.621787451645655	1.6161139676193121	200.0	0.01	0.002	8.09590637488687	6.8236852630745926	0.17703615627454092	500.0	2.382021361329143	0.005649043158408668	0.0	1.0
70	9.988606724445255e-05	18.46886729678453	1.6161139676193121	200.0	0.01	0.002	8.09590637488687	6.8236852630745926	0.17703615627454092	500.0	2.382021361329143	0.005649043158408668	0.0	1.0
71	9.988606724445255e-05	24.903677862696235	1.6161139676193121	200.0	0.01	0.002	8.09590637488687	6.8236852630745926	0.17703615627454092	500.0	2.382021361329143	0.005649043158408668	0.0	1.0
72	9.988606724445255e-05	31.957583350130534	1.6161139676193121	200.0	0.01	0.002	8.09590637488687	6.8236852630745926	0.17703615627454092	500.0	7.309689200687516	0.005649043158408668	1.0	1.0
73	9.988606724445255e-05	53.74634188292463	1.6161139676193121	200.0	0.01	0.002	8.09590637488687	6.8236852630745926	0.17703615627454092	500.0	7.309689200687516	0.005649043158408668	1.0	1.0
74	9.988606724445255e-05	65.09856517348874	1.6161139676193121	200.0	0.01	0.002	8.09590637488687	6.8236852630745926	0.17703615627454092	500.0	7.309689200687516	0.005649043158408668	1.0	1.0
75	9.988606724445255e-05	73.7599979642924	1.6161139676193121	200.0	0.01	0.002	8.09590637488687	6.8236852630745926	0.17703615627454092	500.0	7.309689200687516	0.005649043158408668	1.0	1.0
76	9.988606724445255e-05	77.20268383271905	1.6161139676193121	200.0	0.01	0.002	8.09590637488687	6.8236852630745926	0.17703615627454092	500.0	7.309689200687516	0.005649043158408668	1.0	1.0
77	9.988606724445255e-05	82.20613486791149	1.6161139676193121	200.0	0.01	0.002	8.09590637488687	6.8236852630745926	0.17703615627454092	500.0	7.309689200687516	0.005649043158408668	1.0	1.0
78	0.0007312368555176851	3.6875959216006393	0.9039013550373425	200.0	0.01	0.002	8.79804805611206	7.6417372860326145	0.2556614484940212	500.0	12.686237092363129	0.025805930402360053	0.0	0.0
79	0.0007312368555176851	4.061587355100946	0.9039013550373425	200.0	0.01	0.002	8.79804805611206	7.6417372860326145	0.2556614484940212	500.0	12.686237092363129	0.025805930402360053	0.0	0.0
80	0.0007312368555176851	4.222099564079653	0.9039013550373425	200.0	0.01	0.002	8.79804805611206	7.6417372860326145	0.2556614484940212	500.0	12.686237092363129	0.025805930402360053	0.0	0.0
81	0.0007312368555176851	4.45624041562253	0.9039013550373425	200.0	0.01	0.002	8.79804805611206	7.6417372860326145	0.2556614484940212	500.0	12.686237092363129	0.025805930402360053	0.0	0.0
82	0.0007312368555176851	4.578019907363396	0.9039013550373425	200.0	0.01	0.002	8.79804805611206	7.6417372860326145	0.2556614484940212	500.0	12.686237092363129	0.025805930402360053	0.0	0.0
83	0.0007312368555176851	5.90959979028158	0.9039013550373425	200.0	0.01	0.002	8.79804805611206	7.6417372860326145	0.2556614484940212	500.0	12.686237092363129	0.025805930402360053	0.0	0.0
84	0.0007312368555176851	9.743041232283613	0.9039013550373425	200.0	0.01	0.002	8.79804805611206	7.6417372860326145	0.2556614484940212	500.0	12.686237092363129	0.025805930402360053	0.0	0.0
85	0.0007251517129448396	10.868131402934763	8.573775023753248	200.0	0.01	0.002	8.105615112078505	4.696530852364691	1.7875342878014224	500.0	3.310851464529854	0.006960483405493414	1.0	0.0
86	0.0007251517129448396	22.692650922520617	8.573775023753248	200.0	0.01	0.002	8.105615112078505	4.696530852364691	1.7875342878014224	500.0	3.310851464529854	0.006960483405493414	1.0	0.0
87	0.0007251517129448396	28.37137449225286	8.573775023753248	200.0	0.01	0.002	8.105615112078505	4.696530852364691	1.7875342878014224	500.0	3.310851464529854	0.006960483405493414	1.0	0.0
88	0.0007251517129448396	32.46075900052354	8.573775023753248	200.0	0.01	0.002	8.105615112078505	4.696530852364691	1.7875342878014224	500.0	3.310851464529854	0.006960483405493414	1.0	0.0
89	0.0007251517129448396	34.19607833818938	8.573775023753248	200.0	0.01	0.002	8.105615112078505	4.696530852364691	1.7875342878014224	500.0	3.310851464529854	0.006960483405493414	1.0	0.0
90	0.0007251517129448396	36.50845518789741	8.573775023753248	200.0	0.01	0.002	8.105615112078505	4.696530852364691	1.7875342878014224	500.0	3.310851464529854	0.006960483405493414	1.0	0.0
91	9.988606724445255e-05	10.40571031005252	1.6161139676193121	200.0	0.01	0.002	8.09590637488687	6.8236852630745926	0.17703615627454092	500.0	2.382021361329143	0.005649043158408668	0.0	1.0
92	9.988606724445255e-05	11.669334219358815	1.6161139676193121	200.0	0.01	0.002	8.09590637488687	6.8236852630745926	0.17703615627454092	500.0	2.382021361329143	0.005649043158408668	0.0	1.0
93	9.988606724445255e-05	12.311551384371931	1.6161139676193121	200.0	0.01	0.002	8.09590637488687	6.8236852630745926	0.17703615627454092	500.0	2.382021361329143	0.005649043158408668	0.0	1.0
94	9.988606724445255e-05	13.202943919712839	1.6161139676193121	200.0	0.01	0.002	8.09590637488687	6.8236852630745926	0.17703615627454092	500.0	2.382021361329143	0.005649043158408668	0.0	1.0
95	9.988606724445255e-05	13.621787451645655	1.6161139676193121	200.0	0.01	0.002	8.09590637488687	6.8236852630745926	0.17703615627454092	500.0	2.382021361329143	0.005649043158408668	0.0	1.0
96	9.988606724445255e-05	18.46886729678453	1.6161139676193121	200.0	0.01	0.002	8.09590637488687	6.8236852630745926	0.17703615627454092	500.0	2.382021361329143	0.005649043158408668	0.0	1.0
97	9.988606724445255e-05	24.903677862696235	1.6161139676193121	200.0	0.01	0.002	8.09590637488687	6.8236852630745926	0.17703615627454092	500.0	2.382021361329143	0.005649043158408668	0.0	1.0
98	9.988606724445255e-05	31.957583350130534	1.6161139676193121	200.0	0.01	0.002	8.09590637488687	6.8236852630745926	0.17703615627454092	500.0	7.309689200687516	0.005649043158408668	1.0	1.0
99	9.988606724445255e-05	53.74634188292463	1.6161139676193121	200.0	0.01	0.002	8.09590637488687	6.8236852630745926	0.17703615627454092	500.0	7.309689200687516	0.005649043158408668	1.0	1.0
100	9.988606724445255e-05	65.09856517348874	1.6161139676193121	200.0	0.01	0.002	8.09590637488687	6.8236852630745926	0.17703615627454092	500.0	7.309689200687516	0.005649043158408668	1.0	1.0
101	9.988606724445255e-05	73.7599979642924	1.6161139676193121	200.0	0.01	0.002	8.09590637488687	6.8236852630745926	0.17703615627454092	500.0	7.309689200687516	0.005649043158408668	1.0	1.0
102	9.988606724445255e-05	77.20268383271905	1.6161139676193121	200.0	0.01	0.002	8.09590637488687	6.8236852630745926	0.17703615627454092	500.0	7.309689200687516	0.005649043158408668	1.0	1.0
103	9.988606724445255e-05	82.20613486791149	1.6161139676193121	200.0	0.01	0.002	8.09590637488687	6.8236852630745926	0.17703615627454092	500.0	7.309689200687516	0.005649043158408668	1.0	1.0
104	0.0007312368555176851	3.6875959216006393	0.9039013550373425	200.0	0.01	0.002	8.79804805611206	7.6417372860326145	0.2556614484940212	500.0	12.686237092363129	0.025805930402360053	0.0	0.0
105	0.0007312368555176851	4.061587355100946	0.9039013550373425	200.0	0.01	0.002	8.79804805611206	7.6417372860326145	0.2556614484940212	500.0	12.686237092363129	0.025805930402360053	0.0	0.0
106	0.0007312368555176851	4.222099564079653	0.9039013550373425	200.0	0.01	0.002	8.79804805611206	7.6417372860326145	0.2556614484940212	500.0	12.686237092363129	0.025805930402360053	0.0	0.0
107	0.0007312368555176851	4.45624041562253	0.9039013550373425	200.0	0.01	0.002	8.79804805611206	7.6417372860326145	0.2556614484940212	500.0	12.686237092363129	0.025805930402360053	0.0	0.0
108	0.0007312368555176851	4.578019907363396	0.9039013550373425	200.0	0.01	0.002	8.79804805611206	7.6417372860326145	0.2556614484940212	500.0	12.686237092363129	0.025805930402360053	0.0	0.0
109	0.0007312368555176851	5.90959979028158	0.9039013550373425	200.0	0.01	0.002	8.79804805611206	7.6417372860326145	0.2556614484940212	500.0	12.686237092363129	0.025805930402360053	0.0	0.0
110	0.0007312368555176851	9.743041232283613	0.9039013550373425	200.0	0.01	0.002	8.79804805611206	7.6417372860326145	0.2556614484940212	500.0	12.686237092363129	0.025805930402360053	0.0	0.0
111	0.0007251517129448396	10.868131402934763	8.573775023753248	200.0	0.01	0.002	8.105615112078505	4.696530852364691	1.7875342878014224	500.0	3.310851464529854	0.006960483405493414	1.0	0.0
112	0.0007251517129448396	22.692650922520617	8.573775023753248	200.0	0.01	0.002	8.105615112078505	4.696530852364691	1.7875342878014224	500.0	3.310851464529854	0.006960483405493414	1.0	0.0
113	0.0007251517129448396	28.37137449225286	8.573775023753248	200.0	0.01	0.002	8.105615112078505	4.696530852364691	1.7875342878014224	500.0	3.310851464529854	0.006960483405493414	1.0	0.0
114	0.0007251517129448396	32.46075900052354	8.573775023753248	200.0	0.01	0.002	8.105615112078505	4.696530852364691	1.7875342878014224	500.0	3.310851464529854	0.006960483405493414	1.0	0.0
115	0.0007251517129448396	34.19607833818938	8.573775023753248	200.0	0.01	0.002	8.105615112078505	4.696530852364691	1.7875342878014224	500.0	3.310851464529854	0.006960483405493414	1.0	0.0
116	0.0007251517129448396	36.50845518789741	8.573775023753248	200.0	0.01	0.002	8.105615112078505	4.696530852364691	1.7875342878014224	500.0	3.310851464529854	0.006960483405493414	1.0	0.0
117	9.988606724445255e-05	10.40571031005252	1.6161139676193121	200.0	0.01	0.002	8.09590637488687	6.8236852630745926	0.17703615627454092	500.0	2.382021361329143	0.005649043158408668	0.0	1.0
118	9.988606724445255e-05	11.669334219358815	1.6161139676193121	200.0	0.01	0.002	8.09590637488687	6.8236852630745926	0.17703615627454092	500.0	2.382021361329143	0.005649043158408668	0.0	1.0
119	9.988606724445255e-05	12.311551384371931	1.6161139676193121	200.0	0.01	0.002	8.09590637488687	6.8236852630745926	0.17703615627454092	500.0	2.382021361329143	0.005649043158408668	0.0	1.0
120	9.988606724445255e-05	13.202943919712839	1.6161139676193121	200.0	0.01	0.002	8.09590637488687	6.8236852630745926	0.17703615627454092	500.0	2.382021361329143	0.005649043158408668	0.0	1.0
121	9.988606724445255e-05	13.621787451645655	1.6161139676193121	200.0	0.01	0.002	8.09590637488687	6.8236852630745926	0.17703615627454092	500.0	2.382021361329143	0.005649043158408668	0.0	1.0
122	9.988606724445255e-05	18.46886729678453	1.6161139676193121	200.0	0.01	0.002	8.09590637488687	6.8236852630745926	0.17703615627454092	500.0	2.382021361329143	0.005649043158408668	0.0	1.0
123	9.988606724445255e-05	24.903677862696235	1.6161139676193121	200.0	0.01	0.002	8.09590637488687	6.8236852630745926	0.17703615627454092	500.0	2.382021361329143	0.005649043158408668	0.0	1.0
124	9.988606724445255e-05	31.957583350130534	1.6161139676193121	200.0	0.01	0.002	8.09590637488687	6.8236852630745926	0.17703615627454092	500.0	7.309689200687516	0.005649043158408668	1.0	1.0
125	9.988606724445255e-05	53.74634188292463	1.6161139676193121	200.0	0.01	0.002	8.09590637488687	6.8236852630745926	0.17703615627454092	500.0	7.309689200687516	0.005649043158408668	1.0	1.0
126	9.988606724445255e-05	65.09856517348874	1.6161139676193121	200.0	0.01	0.002	8.09590637488687	6.8236852630745926	0.17703615627454092	500.0	7.309689200687516	0.005649043158408668	1.0	1.0
127	9.988606724445255e-05	73.7599979642924	1.6161139676193121	200.0	0.01	0.002	8.09590637488687	6.8236852630745926	0.17703615627454092	500.0	7.309689200687516	0.005649043158408668	1.0	1.0
128	9.988606724445255e-05	77.20268383271905	1.6161139676193121	200.0	0.01	0.002	8.09590637488687	6.8236852630745926	0.17703615627454092	500.0	7.309689200687516	0.005649043158408668	1.0	1.0
129	9.988606724445255e-05	82.20613486791149	1.6161139676193121	200.0	0.01	0.002	8.09590637488687	6.8236852630745926	0.17703615627454092	500.0	7.309689200687516	0.005649043158408668	1.0	1.0
130	0.0007312368555176851	3.6875959216006393	0.9039013550373425	200.0	0.01	0.002	8.79804805611206	7.6417372860326145	0.2556614484940212	500.0	12.686237092363129	0.025805930402360053	0.0	0.0
131	0.0007312368555176851	4.061587355100946	0.9039013550373425	200.0	0.01	0.002	8.79804805611206	7.6417372860326145	0.2556614484940212	500.0	12.686237092363129	0.025805930402360053	0.0	0.0
132	0.0007312368555176851	4.222099564079653	0.9039013550373425	200.0	0.01	0.002	8.79804805611206	7.6417372860326145	0.2556614484940212	500.0	12.686237092363129	0.025805930402360053	0.0	0.0
133	0.0007312368555176851	4.45624041562253	0.9039013550373425	200.0	0.01	0.002	8.79804805611206	7.6417372860326145	0.2556614484940212	500.0	12.686237092363129	0.025805930402360053	0.0	0.0
134	0.0007312368555176851	4.578019907363396	0.9039013550373425	200.0	0.01	0.002	8.79804805611206	7.6417372860326145	0.2556614484940212	500.0	12.686237092363129	0.025805930402360053	0.0	0.0
135	0.0007312368555176851	5.90959979028158	0.9039013550373425	200.0	0.01	0.002	8.79804805611206	7.6417372860326145	0.2556614484940212	500.0	12.686237092363129	0.025805930402360053	0.0	0.0
136	0.0007312368555176851	9.743041232283613	0.9039013550373425	200.0	0.01	0.002	8.79804805611206	7.6417372860326145	0.2556614484940212	500.0	12.686237092363129	0.025805930402360053	0.0	0.0
137	0.0007251517129448396	10.868131402934763	8.573775023753248	200.0	0.01	0.002	8.105615112078505	4.696530852364691	1.7875342878014224	500.0	3.310851464529854	0.006960483405493414	1.0	0.0
138	0.0007251517129448396	22.692650922520617	8.573775023753248	200.0	0.01	0.002	8.105615112078505	4.696530852364691	1.7875342878014224	500.0	3.310851464529854	0.006960483405493414	1.0	0.0
139	0.0007251517129448396	28.37137449225286	8.573775023753248	200.0	0.01	0.002	8.105615112078505	4.696530852364691	1.7875342878014224	500.0	3.310851464529854	0.006960483405493414	1.0	0.0
140	0.0007251517129448396	32.46075900052354	8.573775023753248	200.0	0.01	0.002	8.105615112078505	4.696530852364691	1.7875342878014224	500.0	3.310851464529854	0.006960483405493414	1.0	0.0
141	0.0007251517129448396	34.19607833818938	8.573775023753248	200.0	0.01	0.002	8.105615112078505	4.696530852364691	1.7875342878014224	500.0	3.310851464529854	0.006960483405493414	1.0	0.0
142	0.0007251517129448396	36.50845518789741	8.573775023753248	200.0	0.01	0.002	8.105615112078505	4.696530852364691	1.7875342878014224	500.0	3.310851464529854	0.006960483405493414	1.0	0.0
143	9.988606724445255e-05	10.40571031005252	1.6161139676193121	200.0	0.01	0.002	8.09590637488687	6.8236852630745926	0.17703615627454092	500.0	2.382021361329143	0.005649043158408668	0.0	1.0
144	9.988606724445255e-05	11.669334219358815	1.6161139676193121	200.0	0.01	0.002	8.09590637488687	6.8236852630745926	0.17703615627454092	500.0	2.382021361329143	0.005649043158408668	0.0	1.0
145	9.988606724445255e-05	12.311551384371931	1.6161139676193121	200.0	0.01	0.002	8.09590637488687	6.8236852630745926	0.17703615627454092	500.0	2.382021361329143	0.005649043158408668	0.0	1.0
146	9.988606724445255e-05	13.202943919712839	1.6161139676193121	200.0	0.01	0.002	8.09590637488687	6.8236852630745926	0.17703615627454092	500.0	2.382021361329143	0.005649043158408668	0.0	1.0
147	9.988606724445255e-05	13.621787451645655	1.6161139676193121	200.0	0.01	0.002	8.09590637488687	6.8236852630745926	0.17703615627454092	500.0	2.382021361329143	0.005649043158408668	0.0	1.0
148	9.988606724445255e-05	18.46886729678453	1.6161139676193121	200.0	0.01	0.002	8.09590637488687	6.8236852630745926	0.17703615627454092	500.0	2.382021361329143	0.005649043158408668	0.0	1.0
149	9.988606724445255e-05	24.903677862696235	1.6161139676193121	200.0	0.01	0.002	8.09590637488687	6.8236852630745926	0.17703615627454092	500.0	2.382021361329143	0.005649043158408668	0.0	1.0
150	9.988606724445255e-05	31.957583350130534	1.6161139676193121	200.0	0.01	0.002	8.09590637488687	6.8236852630745926	0.17703615627454092	500.0	7.309689200687516	0.005649043158408668	1.0	1.0
151	9.988606724445255e-05	53.74634188292463	1.6161139676193121	200.0	0.01	0.002	8.09590637488687	6.8236852630745926	0.17703615627454092	500.0	7.309689200687516	0.005649043158408668	1.0	1.0
152	9.988606724445255e-05	65.09856517348874	1.6161139676193121	200.0	0.01	0.002	8.09590637488687	6.8236852630745926	0.17703615627454092	500.0	7.309689200687516	0.005649043158408668	1.0	1.0
153	9.988606724445255e-05	73.7599979642924	1.6161139676193121	200.0	0.01	0.002	8.09590637488687	6.8236852630745926	0.17703615627454092	500.0	7.309689200687516	0.005649043158408668	1.0	1.0
154	9.988606724445255e-05	77.20268383271905	1.6161139676193121	200.0	0.01	0.002	8.09590637488687	6.8236852630745926	0.17703615627454092	500.0	7.309689200687516	0.005649043158408668	1.0	1.0
155	9.988606724445255e-05	82.20613486791149	1.6161139676193121	200.0	0.01	0.002	8.09590637488687	6.8236852630745926	0.17703615627454092	500.0	7.309689200687516	0.005649043158408668	1.0	1.0
156	0.0007312368555176851	3.6875959216006393	0.9039013550373425	200.0	0.01	0.002	8.79804805611206	7.6417372860326145	0.2556614484940212	500.0	12.686237092363129	0.025805930402360053	0.0	0.0
157	0.0007312368555176851	4.061587355100946	0.9039013550373425	200.0	0.01	0.002	8.79804805611206	7.6417372860326145	0.2556614484940212	500.0	12.686237092363129	0.025805930402360053	0.0	0.0
158	0.0007312368555176851	4.222099564079653	0.9039013550373425	200.0	0.01	0.002	8.79804805611206	7.6417372860326145	0.2556614484940212	500.0	12.686237092363129	0.025805930402360053	0.0	0.0
159	0.0007312368555176851	4.45624041562253	0.9039013550373425	200.0	0.01	0.002	8.79804805611206	7.6417372860326145	0.2556614484940212	500.0	12.686237092363129	0.025805930402360053	0.0	0.0
160	0.0007312368555176851	4.578019907363396	0.9039013550373425	200.0	0.01	0.002	8.79804805611206	7.6417372860326145	0.2556614484940212	500.0	12.686237092363129	0.025805930402360053	0.0	0.0
161	0.0007312368555176851	5.90959979028158	0.9039013550373425	200.0	0.01	0.002	8.79804805611206	7.6417372860326145	0.2556614484940212	500.0	12.686237092363129	0.025805930402360053	0.0	0.0
162	0.0007312368555176851	9.743041232283613	0.9039013550373425	200.0	0.01	0.002	8.79804805611206	7.6417372860326145	0.2556614484940212	500.0	12.686237092363129	0.025805930402360053	0.0	0.0
163	0.0007251517129448396	10.868131402934763	8.573775023753248	200.0	0.01	0.002	8.105615112078505	4.696530852364691	1.7875342878014224	500.0	3.310851464529854	0.006960483405493414	1.0	0.0
164	0.0007251517129448396	22.692650922520617	8.573775023753248	200.0	0.01	0.002	8.105615112078505	4.696530852364691	1.7875342878014224	500.0	3.310851464529854	0.006960483405493414	1.0	0.0
165	0.0007251517129448396	28.37137449225286	8.573775023753248	200.0	0.01	0.002	8.105615112078505	4.696530852364691	1.7875342878014224	500.0	3.310851464529854	0.006960483405493414	1.0	0.0
166	0.0007251517129448396	32.46075900052354	8.573775023753248	200.0	0.01	0.002	8.105615112078505	4.696530852364691	1.7875342878014224	500.0	3.310851464529854	0.006960483405493414	1.0	0.0
167	0.0007251517129448396	34.19607833818938	8.573775023753248	200.0	0.01	0.002	8.105615112078505	4.696530852364691	1.7875342878014224	500.0	3.310851464529854	0.006960483405493414	1.0	0.0
168	0.0007251517129448396	36.50845518789741	8.573775023753248	200.0	0.01	0.002	8.105615112078505	4.696530852364691	1.7875342878014224	500.0	3.310851464529854	0.006960483405493414	1.0	0.0
169	9.988606724445255e-05	10.40571031005252	1.6161139676193121	200.0	0.01	0.002	8.09590637488687	6.8236852630745926	0.17703615627454092	500.0	2.382021361329143	0.005649043158408668	0.0	1.0
170	9.988606724445255e-05	11.669334219358815	1.6161139676193121	200.0	0.01	0.002	8.09590637488687	6.8236852630745926	0.17703615627454092	500.0	2.382021361329143	0.005649043158408668	0.0	1.0
171	9.988606724445255e-05	12.311551384371931	1.6161139676193121	200.0	0.01	0.002	8.09590637488687	6.8236852630745926	0.17703615627454092	500.0	2.382021361329143	0.005649043158408668	0.0	1.0
172	9.988606724445255e-05	13.202943919712839	1.6161139676193121	200.0	0.01	0.002	8.09590637488687	6.8236852630745926	0.17703615627454092	500.0	2.382021361329143	0.005649043158408668	0.0	1.0
173	9.988606724445255e-05	13.621787451645655	1.6161139676193121	200.0	0.01	0.002	8.09590637488687	6.8236852630745926	0.17703615627454092	500.0	2.382021361329143	0.005649043158408668	0.0	1.0
174	9.988606724445255e-05	18.46886729678453	1.6161139676193121	200.0	0.01	0.002	8.09590637488687	6.8236852630745926	0.17703615627454092	500.0	2.382021361329143	0.005649043158408668	0.0	1.0
175	9.988606724445255e-05	24.903677862696235	1.6161139676193121	200.0	0.01	0.002	8.09590637488687	6.8236852630745926	0.17703615627454092	500.0	2.382021361329143	0.005649043158408668	0.0	1.0
176	9.988606724445255e-05	31.957583350130534	1.6161139676193121	200.0	0.01	0.002	8.09590637488687	6.8236852630745926	0.17703615627454092	500.0	7.309689200687516	0.005649043158408668	1.0	1.0
177	9.988606724445255e-05	53.74634188292463	1.6161139676193121	200.0	0.01	0.002	8.09590637488687	6.8236852630745926	0.17703615627454092	500.0	7.309689200687516	0.005649043158408668	1.0	1.0
178	9.988606724445255e-05	65.09856517348874	1.6161139676193121	200.0	0.01	0.002	8.09590637488687	6.8236852630745926	0.17703615627454092	500.0	7.309689200687516	0.005649043158408668	1.0	1.0
179	9.988606724445255e-05	73.7599979642924	1.6161139676193121	200.0	0.01	0.002	8.09590637488687	6.8236852630745926	0.17703615627454092	500.0	7.309689200687516	0.005649043158408668	1.0	1.0
180	9.988606724445255e-05	77.20268383271905	1.6161139676193121	200.0	0.01	0.002	8.09590637488687	6.8236852630745926	0.17703615627454092	500.0	7.309689200687516	0.005649043158408668	1.0	1.0
181	9.988606724445255e-05	82.20613486791149	1.6161139676193121	200.0	0.01	0.002	8.09590637488687	6.8236852630745926	0.17703615627454092	500.0	7.309689200687516	0.005649043158408668	1.0	1.0
182	0.0007312368555176851	3.6875959216006393	0.9039013550373425	200.0	0.01	0.002	8.79804805611206	7.6417372860326145	0.2556614484940212	500.0	12.686237092363129	0.025805930402360053	0.0	0.0
183	0.0007312368555176851	4.061587355100946	0.9039013550373425	200.0	0.01	0.002	8.79804805611206	7.6417372860326145	0.2556614484940212	500.0	12.686237092363129	0.025805930402360053	0.0	0.0
184	0.0007312368555176851	4.222099564079653	0.9039013550373425	200.0	0.01	0.002	8.79804805611206	7.6417372860326145	0.2556614484940212	500.0	12.686237092363129	0.025805930402360053	0.0	0.0
185	0.0007312368555176851	4.45624041562253	0.9039013550373425	200.0	0.01	0.002	8.79804805611206	7.6417372860326145	0.2556614484940212	500.0	12.686237092363129	0.025805930402360053	0.0	0.0
186	0.0007312368555176851	4.578019907363396	0.9039013550373425	200.0	0.01	0.002	8.79804805611206	7.6417372860326145	0.2556614484940212	500.0	12.686237092363129	0.025805930402360053	0.0	0.0
187	0.0007312368555176851	5.90959979028158	0.9039013550373425	200.0	0.01	0.002	8.79804805611206	7.6417372860326145	0.2556614484940212	500.0	12.686237092363129	0.025805930402360053	0.0	0.0
188	0.0007312368555176851	9.743041232283613	0.9039013550373425	200.0	0.01	0.002	8.79804805611206	7.6417372860326145	0.2556614484940212	500.0	12.686237092363129	0.025805930402360053	0.0	0.0
189	0.0007251517129448396	10.868131402934763	8.573775023753248	200.0	0.01	0.002	8.105615112078505	4.696530852364691	1.7875342878014224	500.0	3.310851464529854	0.006960483405493414	1.0	0.0
190	0.0007251517129448396	22.692650922520617	8.573775023753248	200.0	0.01	0.002	8.105615112078505	4.696530852364691	1.7875342878014224	500.0	3.310851464529854	0.006960483405493414	1.0	0.0
191	0.0007251517129448396	28.37137449225286	8.573775023753248	200.0	0.01	0.002	8.105615112078505	4.696530852364691	1.7875342878014224	500.0	3.310851464529854	0.006960483405493414	1.0	0.0
192	0.0007251517129448396	32.46075900052354	8.573775023753248	200.0	0.01	0.002	8.105615112078505	4.696530852364691	1.7875342878014224	500.0	3.310851464529854	0.006960483405493414	1.0	0.0
193	0.0007251517129448396	34.19607833818938	8.573775023753248	200.0	0.01	0.002	8.105615112078505	4.696530852364691	1.7875342878014224	500.0	3.310851464529854	0.006960483405493414	1.0	0.0
194	0.0007251517129448396	36.50845518789741	8.573775023753248	200.0	0.01	0.002	8.105615112078505	4.696530852364691	1.7875342878014224	500.0	3.310851464529854	0.006960483405493414	1.0	0.0
195	9.988606724445255e-05	10.40571031005252	1.6161139676193121	200.0	0.01	0.002	8.09590637488687	6.8236852630745926	0.17703615627454092	500.0	2.382021361329143	0.005649043158408668	0.0	1.0
196	9.988606724445255e-05	11.669334219358815	1.6161139676193121	200.0	0.01	0.002	8.09590637488687	6.8236852630745926	0.17703615627454092	500.0	2.382021361329143	0.005649043158408668	0.0	1.0
197	9.988606724445255e-05	12.311551384371931	1.6161139676193121	200.0	0.01	0.002	8.09590637488687	6.8236852630745926	0.17703615627454092	500.0	2.382021361329143	0.005649043158408668	0.0	1.0
198	9.988606724445255e-05	13.202943919712839	1.6161139676193121	200.0	0.01	0.002	8.09590637488687	6.8236852630745926	0.17703615627454092	500.0	2.382021361329143	0.005649043158408668	0.0	1.0
199	9.988606724445255e-05	13.621787451645655	1.6161139676193121	200.0	0.01	0.002	8.09590637488687	6.8236852630745926	0.17703615627454092	500.0	2.382021361329143	0.005649043158408668	0.0	1.0
200	9.988606724445255e-05	18.46886729678453	1.6161139676193121	200.0	0.01	0.002	8.09590637488687	6.8236852630745926	0.17703615627454092	500.0	2.382021361329143	0.005649043158408668	0.0	1.0
201	9.988606724445255e-05	24.903677862696235	1.6161139676193121	200.0	0.01	0.002	8.09590637488687	6.8236852630745926	0.17703615627454092	500.0	2.382021361329143	0.005649043158408668	0.0	1.0
202	9.988606724445255e-05	31.957583350130534	1.6161139676193121	200.0	0.01	0.002	8.09590637488687	6.8236852630745926	0.17703615627454092	500.0	7.309689200687516	0.005649043158408668	1.0	1.0
203	9.988606724445255e-05	53.74634188292463	1.6161139676193121	200.0	0.01	0.002	8.09590637488687	6.8236852630745926	0.17703615627454092	500.0	7.309689200687516	0.005649043158408668	1.0	1.0
204	9.988606724445255e-05	65.09856517348874	1.6161139676193121	200.0	0.01	0.002	8.09590637488687	6.8236852630745926	0.17703615627454092	500.0	7.309689200687516	0.005649043158408668	1.0	1.0
205	9.988606724445255e-05	73.7599979642924	1.6161139676193121	200.0	0.01	0.002	8.09590637488687	6.8236852630745926	0.17703615627454092	500.0	7.309689200687516	0.005649043158408668	1.0	1.0
206	9.988606724445255e-05	77.20268383271905	1.6161139676193121	200.0	0.01	0.002	8.09590637488687	6.8236852630745926	0.17703615627454092	500.0	7.309689200687516	0.005649043158408668	1.0	1.0
207	9.988606724445255e-05	82.20613486791149	1.6161139676193121	200.0	0.01	0.002	8.09590637488687	6.8236852630745926	0.17703615627454092	500.0	7.309689200687516	0.005649043158408668	1.0	1.0
208	0.0007312368555176851	3.6875959216006393	0.9039013550373425	200.0	0.01	0.002	8.79804805611206	7.6417372860326145	0.2556614484940212	500.0	12.686237092363129	0.025805930402360053	0.0	0.0
209	0.0007312368555176851	4.061587355100946	0.9039013550373425	200.0	0.01	0.002	8.79804805611206	7.6417372860326145	0.2556614484940212	500.0	12.686237092363129	0.025805930402360053	0.0	0.0
210	0.0007312368555176851	4.222099564079653	0.9039013550373425	200.0	0.01	0.002	8.79804805611206	7.6417372860326145	0.2556614484940212	500.0	12.686237092363129	0.025805930402360053	0.0	0.0
211	0.0007312368555176851	4.45624041562253	0.9039013550373425	200.0	0.01	0.002	8.79804805611206	7.6417372860326145	0.2556614484940212	500.0	12.686237092363129	0.025805930402360053	0.0	0.0
212	0.0007312368555176851	4.578019907363396	0.9039013550373425	200.0	0.01	0.002	8.79804805611206	7.6417372860326145	0.2556614484940212	500.0	12.686237092363129	0.025805930402360053	0.0	0.0
213	0.0007312368555176851	5.90959979028158	0.9039013550373425	200.0	0.01	0.002	8.79804805611206	7.6417372860326145	0.2556614484940212	500.0	12.686237092363129	0.025805930402360053	0.0	0.0
214	0.0007312368555176851	9.743041232283613	0.9039013550373425	200.0	0.01	0.002	8.79804805611206	7.6417372860326145	0.2556614484940212	500.0	12.686237092363129	0.025805930402360053	0.0	0.0
215	0.0007251517129448396	10.868131402934763	8.573775023753248	200.0	0.01	0.002	8.105615112078505	4.696530852364691	1.7875342878014224	500.0	3.310851464529854	0.006960483405493414	1.0	0.0
216	0.0007251517129448396	22.692650922520617	8.573775023753248	200.0	0.01	0.002	8.105615112078505	4.696530852364691	1.7875342878014224	500.0	3.310851464529854	0.006960483405493414	1.0	0.0
217	0.0007251517129448396	28.37137449225286	8.573775023753248	200.0	0.01	0.002	8.105615112078505	4.696530852364691	1.7875342878014224	500.0	3.310851464529854	0.006960483405493414	1.0	0.0
218	0.0007251517129448396	32.46075900052354	8.573775023753248	200.0	0.01	0.002	8.105615112078505	4.696530852364691	1.7875342878014224	500.0	3.310851464529854	0.006960483405493414	1.0	0.0
219	0.0007251517129448396	34.19607833818938	8.573775023753248	200.0	0.01	0.002	8.105615112078505	4.696530852364691	1.7875342878014224	500.0	3.310851464529854	0.006960483405493414	1.0	0.0
220	0.0007251517129448396	36.50845518789741	8.573775023753248	200.0	0.01	0.002	8.105615112078505	4.696530852364691	1.7875342878014224	500.0	3.310851464529854	0.006960483405493414	1.0	0.0
221	9.988606724445255e-05	10.40571031005252	1.6161139676193121	200.0	0.01	0.002	8.09590637488687	6.8236852630745926	0.17703615627454092	500.0	2.382021361329143	0.005649043158408668	0.0	1.0
222	9.988606724445255e-05	11.669334219358815	1.6161139676193121	200.0	0.01	0.002	8.09590637488687	6.8236852630745926	0.17703615627454092	500.0	2.382021361329143	0.005649043158408668	0.0	1.0
223	9.988606724445255e-05	12.311551384371931	1.6161139676193121	200.0	0.01	0.002	8.09590637488687	6.8236852630745926	0.17703615627454092	500.0	2.382021361329143	0.005649043158408668	0.0	1.0
224	9.988606724445255e-05	13.202943919712839	1.6161139676193121	200.0	0.01	0.002	8.09590637488687	6.8236852630745926	0.17703615627454092	500.0	2.382021361329143	0.005649043158408668	0.0	1.0
225	9.988606724445255e-05	13.621787451645655	1.6161139676193121	200.0	0.01	0.002	8.09590637488687	6.8236852630745926	0.17703615627454092	500.0	2.382021361329143	0.005649043158408668	0.0	1.0
226	9.988606724445255e-05	18.46886729678453	1.6161139676193121	200.0	0.01	0.002	8.09590637488687	6.8236852630745926	0.17703615627454092	500.0	2.382021361329143	0.005649043158408668	0.0	1.0
227	9.988606724445255e-05	24.903677862696235	1.6161139676193121	200.0	0.01	0.002	8.09590637488687	6.8236852630745926	0.17703615627454092	500.0	2.382021361329143	0.005649043158408668	0.0	1.0
228	9.988606724445255e-05	31.957583350130534	1.6161139676193121	200.0	0.01	0.002	8.09590637488687	6.8236852630745926	0.17703615627454092	500.0	7.309689200687516	0.005649043158408668	1.0	1.0
229	9.988606724445255e-05	53.74634188292463	1.6161139676193121	200.0	0.01	0.002	8.09590637488687	6.8236852630745926	0.17703615627454092	500.0	7.309689200687516	0.005649043158408668	1.0	1.0
230	9.988606724445255e-05	65.09856517348874	1.6161139676193121	200.0	0.01	0.002	8.09590637488687	6.8236852630745926	0.17703615627454092	500.0	7.309689200687516	0.005649043158408668	1.0	1.0
231	9.988606724445255e-05	73.7599979642924	1.6161139676193121	200.0	0.01	0.002	8.09590637488687	6.8236852630745926	0.17703615627454092	500.0	7.309689200687516	0.005649043158408668	1.0	1.0
232	9.988606724445255e-05	77.20268383271905	1.6161139676193121	200.0	0.01	0.002	8.09590637488687	6.8236852630745926	0.17703615627454092	500.0	7.309689200687516	0.005649043158408668	1.0	1.0
233	9.988606724445255e-05	82.20613486791149	1.6161139676193121	200.0	0.01	0.002	8.09590637488687	6.8236852630745926	0.17703615627454092	500.0	7.309689200687516	0.005649043158408668	1.0	1.0
234	0.0007312368555176851	3.6875959216006393	0.9039013550373425	200.0	0.01	0.002	8.79804805611206	7.6417372860326145	0.2556614484940212	500.0	12.686237092363129	0.025805930402360053	0.0	0.0
235	0.0007312368555176851	4.061587355100946	0.9039013550373425	200.0	0.01	0.002	8.79804805611206	7.6417372860326145	0.2556614484940212	500.0	12.686237092363129	0.025805930402360053	0.0	0.0
236	0.0007312368555176851	4.222099564079653	0.9039013550373425	200.0	0.01	0.002	8.79804805611206	7.6417372860326145	0.2556614484940212	500.0	12.686237092363129	0.025805930402360053	0.0	0.0
237	0.0007312368555176851	4.45624041562253	0.9039013550373425	200.0	0.01	0.002	8.79804805611206	7.6417372860326145	0.2556614484940212	500.0	12.686237092363129	0.025805930402360053	0.0	0.0
238	0.0007312368555176851	4.578019907363396	0.9039013550373425	200.0	0.01	0.002	8.79804805611206	7.6417372860326145	0.2556614484940212	500.0	12.686237092363129	0.025805930402360053	0.0	0.0
239	0.0007312368555176851	5.90959979028158	0.9039013550373425	200.0	0.01	0.002	8.79804805611206	7.6417372860326145	0.2556614484940212	500.0	12.686237092363129	0.025805930402360053	0.0	0.0
240	0.0007312368555176851	9.743041232283613	0.9039013550373425	200.0	0.01	0.002	8.79804805611206	7.6417372860326145	0.2556614484940212	500.0	12.686237092363129	0.025805930402360053	0.0	0.0
241	0.0007251517129448396	10.868131402934763	8.573775023753248	200.0	0.01	0.002	8.105615112078505	4.696530852364691	1.7875342878014224	500.0	3.310851464529854	0.006960483405493414	1.0	0.0
242	0.0007251517129448396	22.692650922520617	8.573775023753248	200.0	0.01	0.002	8.105615112078505	4.696530852364691	1.7875342878014224	500.0	3.310851464529854	0.006960483405493414	1.0	0.0
243	0.0007251517129448396	28.37137449225286	8.573775023753248	200.0	0.01	0.002	8.105615112078505	4.696530852364691	1.7875342878014224	500.0	3.310851464529854	0.006960483405493414	1.0	0.0
244	0.0007251517129448396	32.46075900052354	8.573775023753248	200.0	0.01	0.002	8.105615112078505	4.696530852364691	1.7875342878014224	500.0	3.310851464529854	0.006960483405493414	1.0	0.0
245	0.0007251517129448396	34.19607833818938	8.573775023753248	200.0	0.01	0.002	8.105615112078505	4.696530852364691	1.7875342878014224	500.0	3.310851464529854	0.006960483405493414	1.0	0.0
246	0.0007251517129448396	36.50845518789741	8.573775023753248	200.0	0.01	0.002	8.105615112078505	4.696530852364691	1.7875342878014224	500.0	3.310851464529854	0.006960483405493414	1.0	0.0
247	9.988606724445255e-05	10.40571031005252	1.6161139676193121	200.0	0.01	0.002	8.09590637488687	6.8236852630745926	0.17703615627454092	500.0	2.382021361329143	0.005649043158408668	0.0	1.0
248	9.988606724445255e-05	11.669334219358815	1.6161139676193121	200.0	0.01	0.002	8.09590637488687	6.8236852630745926	0.17703615627454092	500.0	2.382021361329143	0.005649043158408668	0.0	1.0
249	9.988606724445255e-05	12.311551384371931	1.6161139676193121	200.0	0.01	0.002	8.09590637488687	6.8236852630745926	0.17703615627454092	500.0	2.382021361329143	0.005649043158408668	0.0	1.0
250	9.988606724445255e-05	13.202943919712839	1.6161139676193121	200.0	0.01	0.002	8.09590637488687	6.8236852630745926	0.17703615627454092	500.0	2.382021361329143	0.005649043158408668	0.0	1.0
251	9.988606724445255e-05	13.621787451645655	1.6161139676193121	200.0	0.01	0.002	8.09590637488687	6.8236852630745926	0.17703615627454092	500.0	2.382021361329143	0.005649043158408668	0.0	1.0
252	9.988606724445255e-05	18.46886729678453	1.6161139676193121	200.0	0.01	0.002	8.09590637488687	6.8236852630745926	0.17703615627454092	500.0	2.382021361329143	0.005649043158408668	0.0	1.0
253	9.988606724445255e-05	24.903677862696235	1.6161139676193121	200.0	0.01	0.002	8.09590637488687	6.8236852630745926	0.17703615627454092	500.0	2.382021361329143	0.005649043158408668	0.0	1.0
254	9.988606724445255e-05	31.957583350130534	1.6161139676193121	200.0	0.01	0.002	8.09590637488687	6.8236852630745926	0.17703615627454092	500.0	7.309689200687516	0.005649043158408668	1.0	1.0
255	9.988606724445255e-05	53.74634188292463	1.6161139676193121	200.0	0.01	0.002	8.09590637488687	6.8236852630745926	0.17703615627454092	500.0	7.309689200687516	0.005649043158408668	1.0	1.0
256	9.988606724445255e-05	65.09856517348874	1.6161139676193121	200.0	0.01	0.002	8.09590637488687	6.8236852630745926	0.17703615627454092	500.0	7.309689200687516	0.005649043158408668	1.0	1.0
257	9.988606724445255e-05	73.7599979642924	1.6161139676193121	200.0	0.01	0.002	8.09590637488687	6.8236852630745926	0.17703615627454092	500.0	7.309689200687516	0.005649043158408668	1.0	1.0
258	9.988606724445255e-05	77.20268383271905	1.6161139676193121	200.0	0.01	0.002	8.09590637488687	6.8236852630745926	0.17703615627454092	500.0	7.309689200687516	0.005649043158408668	1.0	1.0
259	9.988606724445255e-05	82.20613486791149	1.6161139676193121	200.0	0.01	0.002	8.09590637488687	6.8236852630745926	0.17703615627454092	500.0	7.309689200687516	0.005649043158408668	1.0	1.0
260	0.0007312368555176851	3.6875959216006393	0.9039013550373425	200.0	0.01	0.002	8.79804805611206	7.6417372860326145	0.2556614484940212	500.0	12.686237092363129	0.025805930402360053	0.0	0.0
261	0.0007312368555176851	4.061587355100946	0.9039013550373425	200.0	0.01	0.002	8.79804805611206	7.6417372860326145	0.2556614484940212	500.0	12.686237092363129	0.025805930402360053	0.0	0.0
262	0.0007312368555176851	4.222099564079653	0.9039013550373425	200.0	0.01	0.002	8.79804805611206	7.6417372860326145	0.2556614484940212	500.0	12.686237092363129	0.025805930402360053	0.0	0.0
263	0.0007312368555176851	4.45624041562253	0.9039013550373425	200.0	0.01	0.002	8.79804805611206	7.6417372860326145	0.2556614484940212	500.0	12.686237092363129	0.025805930402360053	0.0	0.0
264	0.0007312368555176851	4.578019907363396	0.9039013550373425	200.0	0.01	0.002	8.79804805611206	7.6417372860326145	0.2556614484940212	500.0	12.686237092363129	0.025805930402360053	0.0	0.0
265	0.0007312368555176851	5.90959979028158	0.9039013550373425	200.0	0.01	0.002	8.79804805611206	7.6417372860326145	0.2556614484940212	500.0	12.686237092363129	0.025805930402360053	0.0	0.0
266	0.0007312368555176851	9.743041232283613	0.9039013550373425	200.0	0.01	0.002	8.79804805611206	7.6417372860326145	0.2556614484940212	500.0	12.686237092363129	0.025805930402360053	0.0	0.0
267	0.0007251517129448396	10.868131402934763	8.573775023753248	200.0	0.01	0.002	8.105615112078505	4.696530852364691	1.7875342878014224	500.0	3.310851464529854	0.006960483405493414	1.0	0.0
268	0.0007251517129448396	22.692650922520617	8.573775023753248	200.0	0.01	0.002	8.105615112078505	4.696530852364691	1.7875342878014224	500.0	3.310851464529854	0.006960483405493414	1.0	0.0
269	0.0007251517129448396	28.37137449225286	8.573775023753248	200.0	0.01	0.002	8.105615112078505	4.696530852364691	1.7875342878014224	500.0	3.310851464529854	0.006960483405493414	1.0	0.0
270	0.0007251517129448396	32.46075900052354	8.573775023753248	200.0	0.01	0.002	8.105615112078505	4.696530852364691	1.7875342878014224	500.0	3.310851464529854	0.006960483405493414	1.0	0.0
271	0.0007251517129448396	34.19607833818938	8.573775023753248	200.0	0.01	0.002	8.105615112078505	4.696530852364691	1.7875342878014224	500.0	3.310851464529854	0.006960483405493414	1.0	0.0
272	0.0007251517129448396	36.50845518789741	8.573775023753248	200.0	0.01	0.002	8.105615112078505	4.696530852364691	1.7875342878014224	500.0	3.310851464529854	0.006960483405493414	1.0	0.0
273	9.988606724445255e-05	10.40571031005252	1.6161139676193121	200.0	0.01	0.002	8.09590637488687	6.8236852630745926	0.17703615627454092	500.0	2.382021361329143	0.005649043158408668	0.0	1.0
274	9.988606724445255e-05	11.669334219358815	1.6161139676193121	200.0	0.01	0.002	8.09590637488687	6.8236852630745926	0.17703615627454092	500.0	2.382021361329143	0.005649043158408668	0.0	1.0
275	9.988606724445255e-05	12.311551384371931	1.6161139676193121	200.0	0.01	0.002	8.09590637488687	6.8236852630745926	0.17703615627454092	500.0	2.382021361329143	0.005649043158408668	0.0	1.0
276	9.988606724445255e-05	13.202943919712839	1.6161139676193121	200.0	0.01	0.002	8.09590637488687	6.8236852630745926	0.17703615627454092	500.0	2.382021361329143	0.005649043158408668	0.0	1.0
277	9.988606724445255e-05	13.621787451645655	1.6161139676193121	200.0	0.01	0.002	8.09590637488687	6.8236852630745926	0.17703615627454092	500.0	2.382021361329143	0.005649043158408668	0.0	1.0
278	9.988606724445255e-05	18.46886729678453	1.6161139676193121	200.0	0.01	0.002	8.09590637488687	6.8236852630745926	0.17703615627454092	500.0	2.382021361329143	0.005649043158408668	0.0	1.0
279	9.988606724445255e-05	24.903677862696235	1.6161139676193121	200.0	0.01	0.002	8.09590637488687	6.8236852630745926	0.17703615627454092	500.0	2.382021361329143	0.005649043158408668	0.0	1.0
280	9.988606724445255e-05	31.957583350130534	1.6161139676193121	200.0	0.01	0.002	8.09590637488687	6.8236852630745926	0.17703615627454092	500.0	7.309689200687516	0.005649043158408668	1.0	1.0
281	9.988606724445255e-05	53.74634188292463	1.6161139676193121	200.0	0.01	0.002	8.09590637488687	6.8236852630745926	0.17703615627454092	500.0	7.309689200687516	0.005649043158408668	1.0	1.0
282	9.988606724445255e-05	65.09856517348874	1.6161139676193121	200.0	0.01	0.002	8.09590637488687	6.8236852630745926	0.17703615627454092	500.0	7.309689200687516	0.005649043158408668	1.0	1.0
283	9.988606724445255e-05	73.7599979642924	1.6161139676193121	200.0	0.01	0.002	8.09590637488687	6.8236852630745926	0.17703615627454092	500.0	7.309689200687516	0.005649043158408668	1.0	1.0
284	9.988606724445255e-05	77.20268383271905	1.6161139676193121	200.0	0.01	0.002	8.09590637488687	6.8236852630745926	0.17703615627454092	500.0	7.309689200687516	0.005649043158408668	1.0	1.0
285	9.988606724445255e-05	82.20613486791149	1.6161139676193121	200.0	0.01	0.002	8.09590637488687	6.8236852630745926	0.17703615627454092	500.0	7.309689200687516	0.005649043158408668	1.0	1.0
286	0.0007312368555176851	3.6875959216006393	0.9039013550373425	200.0	0.01	0.002	8.79804805611206	7.6417372860326145	0.2556614484940212	500.0	12.686237092363129	0.025805930402360053	0.0	0.0
287	0.0007312368555176851	4.061587355100946	0.9039013550373425	200.0	0.01	0.002	8.79804805611206	7.6417372860326145	0.2556614484940212	500.0	12.686237092363129	0.025805930402360053	0.0	0.0
288	0.0007312368555176851	4.222099564079653	0.9039013550373425	200.0	0.01	0.002	8.79804805611206	7.6417372860326145	0.2556614484940212	500.0	12.686237092363129	0.025805930402360053	0.0	0.0
289	0.0007312368555176851	4.45624041562253	0.9039013550373425	200.0	0.01	0.002	8.79804805611206	7.6417372860326145	0.2556614484940212	500.0	12.686237092363129	0.025805930402360053	0.0	0.0
290	0.0007312368555176851	4.578019907363396	0.9039013550373425	200.0	0.01	0.002	8.79804805611206	7.6417372860326145	0.2556614484940212	500.0	12.686237092363129	0.025805930402360053	0.0	0.0
291	0.0007312368555176851	5.90959979028158	0.9039013550373425	200.0	0.01	0.002	8.79804805611206	7.6417372860326145	0.2556614484940212	500.0	12.686237092363129	0.025805930402360053	0.0	0.0
292	0.0007312368555176851	9.743041232283613	0.9039013550373425	200.0	0.01	0.002	8.79804805611206	7.6417372860326145	0.2556614484940212	500.0	12.686237092363129	0.025805930402360053	0.0	0.0
293	0.0007251517129448396	10.868131402934763	8.573775023753248	200.0	0.01	0.002	8.105615112078505	4.696530852364691	1.7875342878014224	500.0	3.310851464529854	0.006960483405493414	1.0	0.0
294	0.0007251517129448396	22.692650922520617	8.573775023753248	200.0	0.01	0.002	8.105615112078505	4.696530852364691	1.7875342878014224	500.0	3.310851464529854	0.006960483405493414	1.0	0.0
295	0.0007251517129448396	28.37137449225286	8.573775023753248	200.0	0.01	0.002	8.105615112078505	4.696530852364691	1.7875342878014224	500.0	3.310851464529854	0.006960483405493414	1.0	0.0
296	0.0007251517129448396	32.46075900052354	8.573775023753248	200.0	0.01	0.002	8.105615112078505	4.696530852364691	1.7875342878014224	500.0	3.310851464529854	0.006960483405493414	1.0	0.0
297	0.0007251517129448396	34.19607833818938	8.573775023753248	200.0	0.01	0.002	8.105615112078505	4.696530852364691	1.7875342878014224	500.0	3.310851464529854	0.006960483405493414	1.0	0.0
298	0.0007251517129448396	36.50845518789741	8.573775023753248	200.0	0.01	0.002	8.105615112078505	4.696530852364691	1.7875342878014224	500.0	3.310851464529854	0.006960483405493414	1.0	0.0
299	9.988606724445255e-05	10.40571031005252	1.6161139676193121	200.0	0.01	0.002	8.09590637488687	6.8236852630745926	0.17703615627454092	500.0	2.382021361329143	0.005649043158408668	0.0	1.0
300	9.988606724445255e-05	11.669334219358815	1.6161139676193121	200.0	0.01	0.002	8.09590637488687	6.8236852630745926	0.17703615627454092	500.0	2.382021361329143	0.005649043158408668	0.0	1.0
301	9.988606724445255e-05	12.311551384371931	1.6161139676193121	200.0	0.01	0.002	8.09590637488687	6.8236852630745926	0.17703615627454092	500.0	2.382021361329143	0.005649043158408668	0.0	1.0
302	9.988606724445255e-05	13.202943919712839	1.6161139676193121	200.0	0.01	0.002	8.09590637488687	6.8236852630745926	0.17703615627454092	500.0	2.382021361329143	0.005649043158408668	0.0	1.0
303	9.988606724445255e-05	13.621787451645655	1.6161139676193121	200.0	0.01	0.002	8.09590637488687	6.8236852630745926	0.17703615627454092	500.0	2.382021361329143	0.005649043158408668	0.0	1.0
304	9.988606724445255e-05	18.46886729678453	1.6161139676193121	200.0	0.01	0.002	8.09590637488687	6.8236852630745926	0.17703615627454092	500.0	2.382021361329143	0.005649043158408668	0.0	1.0
305	9.988606724445255e-05	24.903677862696235	1.6161139676193121	200.0	0.01	0.002	8.09590637488687	6.8236852630745926	0.17703615627454092	500.0	2.382021361329143	0.005649043158408668	0.0	1.0
306	9.988606724445255e-05	31.957583350130534	1.6161139676193121	200.0	0.01	0.002	8.09590637488687	6.8236852630745926	0.17703615627454092	500.0	7.309689200687516	0.005649043158408668	1.0	1.0
307	9.988606724445255e-05	53.74634188292463	1.6161139676193121	200.0	0.01	0.002	8.09590637488687	6.8236852630745926	0.17703615627454092	500.0	7.309689200687516	0.005649043158408668	1.0	1.0
308	9.988606724445255e-05	65.09856517348874	1.6161139676193121	200.0	0.01	0.002	8.09590637488687	6.8236852630745926	0.17703615627454092	500.0	7.309689200687516	0.005649043158408668	1.0	1.0
309	9.988606724445255e-05	73.7599979642924	1.6161139676193121	200.0	0.01	0.002	8.09590637488687	6.8236852630745926	0.17703615627454092	500.0	7.309689200687516	0.005649043158408668	1.0	1.0
310	9.988606724445255e-05	77.20268383271905	1.6161139676193121	200.0	0.01	0.002	8.09590637488687	6.8236852630745926	0.17703615627454092	500.0	7.309689200687516	0.005649043158408668	1.0	1.0
311	9.988606724445255e-05	82.20613486791149	1.6161139676193121	200.0	0.01	0.002	8.09590637488687	6.8236852630745926	0.17703615627454092	500.0	7.309689200687516	0.005649043158408668	1.0	1.0
312	0.0007312368555176851	3.6875959216006393	0.9039013550373425	200.0	0.01	0.002	8.79804805611206	7.6417372860326145	0.2556614484940212	500.0	12.686237092363129	0.025805930402360053	0.0	0.0
313	0.0007312368555176851	4.061587355100946	0.9039013550373425	200.0	0.01	0.002	8.79804805611206	7.6417372860326145	0.2556614484940212	500.0	12.686237092363129	0.025805930402360053	0.0	0.0
314	0.0007312368555176851	4.222099564079653	0.9039013550373425	200.0	0.01	0.002	8.79804805611206	7.6417372860326145	0.2556614484940212	500.0	12.686237092363129	0.025805930402360053	0.0	0.0
315	0.0007312368555176851	4.45624041562253	0.9039013550373425	200.0	0.01	0.002	8.79804805611206	7.6417372860326145	0.2556614484940212	500.0	12.686237092363129	0.025805930402360053	0.0	0.0
316	0.0007312368555176851	4.578019907363396	0.9039013550373425	200.0	0.01	0.002	8.79804805611206	7.6417372860326145	0.2556614484940212	500.0	12.686237092363129	0.025805930402360053	0.0	0.0
317	0.0007312368555176851	5.90959979028158	0.9039013550373425	200.0	0.01	0.002	8.79804805611206	7.6417372860326145	0.2556614484940212	500.0	12.686237092363129	0.025805930402360053	0.0	0.0
318	0.0007312368555176851	9.743041232283613	0.9039013550373425	200.0	0.01	0.002	8.79804805611206	7.6417372860326145	0.2556614484940212	500.0	12.686237092363129	0.025805930402360053	0.0	0.0
319	0.0007251517129448396	10.868131402934763	8.573775023753248	200.0	0.01	0.002	8.105615112078505	4.696530852364691	1.7875342878014224	500.0	3.310851464529854	0.006960483405493414	1.0	0.0
320	0.0007251517129448396	22.692650922520617	8.573775023753248	200.0	0.01	0.002	8.105615112078505	4.696530852364691	1.7875342878014224	500.0	3.310851464529854	0.006960483405493414	1.0	0.0
321	0.0007251517129448396	28.37137449225286	8.573775023753248	200.0	0.01	0.002	8.105615112078505	4.696530852364691	1.7875342878014224	500.0	3.310851464529854	0.006960483405493414	1.0	0.0
322	0.0007251517129448396	32.46075900052354	8.573775023753248	200.0	0.01	0.002	8.105615112078505	4.696530852364691	1.7875342878014224	500.0	3.310851464529854	0.006960483405493414	1.0	0.0
323	0.0007251517129448396	34.19607833818938	8.573775023753248	200.0	0.01	0.002	8.105615112078505	4.696530852364691	1.7875342878014224	500.0	3.310851464529854	0.006960483405493414	1.0	0.0
324	0.0007251517129448396	36.50845518789741	8.573775023753248	200.0	0.01	0.002	8.105615112078505	4.696530852364691	1.7875342878014224	500.0	3.310851464529854	0.006960483405493414	1.0	0.0
325	9.988606724445255e-05	10.40571031005252	1.6161139676193121	200.0	0.01	0.002	8.09590637488687	6.8236852630745926	0.17703615627454092	500.0	2.382021361329143	0.005649043158408668	0.0	1.0
326	9.988606724445255e-05	11.669334219358815	1.6161139676193121	200.0	0.01	0.002	8.09590637488687	6.8236852630745926	0.17703615627454092	500.0	2.382021361329143	0.005649043158408668	0.0	1.0
327	9.988606724445255e-05	12.311551384371931	1.6161139676193121	200.0	0.01	0.002	8.09590637488687	6.8236852630745926	0.17703615627454092	500.0	2.382021361329143	0.005649043158408668	0.0	1.0
328	9.988606724445255e-05	13.202943919712839	1.6161139676193121	200.0	0.01	0.002	8.09590637488687	6.8236852630745926	0.17703615627454092	500.0	2.382021361329143	0.005649043158408668	0.0	1.0
329	9.988606724445255e-05	13.621787451645655	1.6161139676193121	200.0	0.01	0.002	8.09590637488687	6.8236852630745926	0.17703615627454092	500.0	2.382021361329143	0.005649043158408668	0.0	1.0
330	9.988606724445255e-05	18.46886729678453	1.6161139676193121	200.0	0.01	0.002	8.09590637488687	6.8236852630745926	0.17703615627454092	500.0	2.382021361329143	0.005649043158408668	0.0	1.0
331	9.988606724445255e-05	24.903677862696235	1.6161139676193121	200.0	0.01	0.002	8.09590637488687	6.8236852630745926	0.17703615627454092	500.0	2.382021361329143	0.005649043158408668	0.0	1.0
332	9.988606724445255e-05	31.957583350130534	1.6161139676193121	200.0	0.01	0.002	8.09590637488687	6.8236852630745926	0.17703615627454092	500.0	7.309689200687516	0.005649043158408668	1.0	1.0
333	9.988606724445255e-05	53.74634188292463	1.6161139676193121	200.0	0.01	0.002	8.09590637488687	6.8236852630745926	0.17703615627454092	500.0	7.309689200687516	0.005649043158408668	1.0	1.0
334	9.988606724445255e-05	65.09856517348874	1.6161139676193121	200.0	0.01	0.002	8.09590637488687	6.8236852630745926	0.17703615627454092	500.0	7.309689200687516	0.005649043158408668	1.0	1.0
335	9.988606724445255e-05	73.7599979642924	1.6161139676193121	200.0	0.01	0.002	8.09590637488687	6.8236852630745926	0.17703615627454092	500.0	7.309689200687516	0.005649043158408668	1.0	1.0
336	9.988606724445255e-05	77.20268383271905	1.6161139676193121	200.0	0.01	0.002	8.09590637488687	6.8236852630745926	0.17703615627454092	500.0	7.309689200687516	0.005649043158408668	1.0	1.0
337	9.988606724445255e-05	82.20613486791149	1.6161139676193121	200.0	0.01	0.002	8.09590637488687	6.8236852630745926	0.17703615627454092	500.0	7.309689200687516	0.005649043158408668	1.0	1.0
338	0.0007312368555176851	3.6875959216006393	0.9039013550373425	200.0	0.01	0.002	8.79804805611206	7.6417372860326145	0.2556614484940212	500.0	12.686237092363129	0.025805930402360053	0.0	0.0
339	0.0007312368555176851	4.061587355100946	0.9039013550373425	200.0	0.01	0.002	8.79804805611206	7.6417372860326145	0.2556614484940212	500.0	12.686237092363129	0.025805930402360053	0.0	0.0
340	0.0007312368555176851	4.222099564079653	0.9039013550373425	200.0	0.01	0.002	8.79804805611206	7.6417372860326145	0.2556614484940212	500.0	12.686237092363129	0.025805930402360053	0.0	0.0
341	0.0007312368555176851	4.45624041562253	0.9039013550373425	200.0	0.01	0.002	8.79804805611206	7.6417372860326145	0.2556614484940212	500.0	12.686237092363129	0.025805930402360053	0.0	0.0
342	0.0007312368555176851	4.578019907363396	0.9039013550373425	200.0	0.01	0.002	8.79804805611206	7.6417372860326145	0.2556614484940212	500.0	12.686237092363129	0.025805930402360053	0.0	0.0
343	0.0007312368555176851	5.90959979028158	0.9039013550373425	200.0	0.01	0.002	8.79804805611206	7.6417372860326145	0.2556614484940212	500.0	12.686237092363129	0.025805930402360053	0.0	0.0
344	0.0007312368555176851	9.743041232283613	0.9039013550373425	200.0	0.01	0.002	8.79804805611206	7.6417372860326145	0.2556614484940212	500.0	12.686237092363129	0.025805930402360053	0.0	0.0
345	0.0007251517129448396	10.868131402934763	8.573775023753248	200.0	0.01	0.002	8.105615112078505	4.696530852364691	1.7875342878014224	500.0	3.310851464529854	0.006960483405493414	1.0	0.0
346	0.0007251517129448396	22.692650922520617	8.573775023753248	200.0	0.01	0.002	8.105615112078505	4.696530852364691	1.7875342878014224	500.0	3.310851464529854	0.006960483405493414	1.0	0.0
347	0.0007251517129448396	28.37137449225286	8.573775023753248	200.0	0.01	0.002	8.105615112078505	4.696530852364691	1.7875342878014224	500.0	3.310851464529854	0.006960483405493414	1.0	0.0
348	0.0007251517129448396	32.46075900052354	8.573775023753248	200.0	0.01	0.002	8.105615112078505	4.696530852364691	1.7875342878014224	500.0	3.310851464529854	0.006960483405493414	1.0	0.0
349	0.0007251517129448396	34.19607833818938	8.573775023753248	200.0	0.01	0.002	8.105615112078505	4.696530852364691	1.7875342878014224	500.0	3.310851464529854	0.006960483405493414	1.0	0.0
350	0.0007251517129448396	36.50845518789741	8.573775023753248	200.0	0.01	0.002	8.105615112078505	4.696530852364691	1.7875342878014224	500.0	3.310851464529854	0.006960483405493414	1.0	0.0
351	9.988606724445255e-05	10.40571031005252	1.6161139676193121	200.0	0.01	0.002	8.09590637488687	6.8236852630745926	0.17703615627454092	500.0	2.382021361329143	0.005649043158408668	0.0	1.0
352	9.988606724445255e-05	11.669334219358815	1.6161139676193121	200.0	0.01	0.002	8.09590637488687	6.8236852630745926	0.17703615627454092	500.0	2.382021361329143	0.005649043158408668	0.0	1.0
353	9.988606724445255e-05	12.311551384371931	1.6161139676193121	200.0	0.01	0.002	8.09590637488687	6.8236852630745926	0.17703615627454092	500.0	2.382021361329143	0.005649043158408668	0.0	1.0
354	9.988606724445255e-05	13.202943919712839	1.6161139676193121	200.0	0.01	0.002	8.09590637488687	6.8236852630745926	0.17703615627454092	500.0	2.382021361329143	0.005649043158408668	0.0	1.0
355	9.988606724445255e-05	13.621787451645655	1.6161139676193121	200.0	0.01	0.002	8.09590637488687	6.8236852630745926	0.17703615627454092	500.0	2.382021361329143	0.005649043158408668	0.0	1.0
356	9.988606724445255e-05	18.46886729678453	1.6161139676193121	200.0	0.01	0.002	8.09590637488687	6.8236852630745926	0.17703615627454092	500.0	2.382021361329143	0.005649043158408668	0.0	1.0
357	9.988606724445255e-05	24.903677862696235	1.6161139676193121	200.0	0.01	0.002	8.09590637488687	6.8236852630745926	0.17703615627454092	500.0	2.382021361329143	0.005649043158408668	0.0	1.0
358	9.988606724445255e-05	31.957583350130534	1.6161139676193121	200.0	0.01	0.002	8.09590637488687	6.8236852630745926	0.17703615627454092	500.0	7.309689200687516	0.005649043158408668	1.0	1.0
359	9.988606724445255e-05	53.74634188292463	1.6161139676193121	200.0	0.01	0.002	8.09590637488687	6.8236852630745926	0.17703615627454092	500.0	7.309689200687516	0.005649043158408668	1.0	1.0
360	9.988606724445255e-05	65.09856517348874	1.6161139676193121	200.0	0.01	0.002	8.09590637488687	6.8236852630745926	0.17703615627454092	500.0	7.309689200687516	0.005649043158408668	1.0	1.0
361	9.988606724445255e-05	73.7599979642924	1.6161139676193121	200.0	0.01	0.002	8.09590637488687	6.8236852630745926	0.17703615627454092	500.0	7.309689200687516	0.005649043158408668	1.0	1.0
362	9.988606724445255e-05	77.20268383271905	1.6161139676193121	200.0	0.01	0.002	8.09590637488687	6.8236852630745926	0.17703615627454092	500.0	7.309689200687516	0.005649043158408668	1.0	1.0
363	9.988606724445255e-05	82.20613486791149	1.6161139676193121	200.0	0.01	0.002	8.09590637488687	6.8236852630745926	0.17703615627454092	500.0	7.309689200687516	0.005649043158408668	1.0	1.0
364	0.0007312368555176851	3.6875959216006393	0.9039013550373425	200.0	0.01	0.002	8.79804805611206	7.6417372860326145	0.2556614484940212	500.0	12.686237092363129	0.025805930402360053	0.0	0.0
365	0.0007312368555176851	4.061587355100946	0.9039013550373425	200.0	0.01	0.002	8.79804805611206	7.6417372860326145	0.2556614484940212	500.0	12.686237092363129	0.025805930402360053	0.0	0.0
366	0.0007312368555176851	4.222099564079653	0.9039013550373425	200.0	0.01	0.002	8.79804805611206	7.6417372860326145	0.2556614484940212	500.0	12.686237092363129	0.025805930402360053	0.0	0.0
367	0.0007312368555176851	4.45624041562253	0.9039013550373425	200.0	0.01	0.002	8.79804805611206	7.6417372860326145	0.2556614484940212	500.0	12.686237092363129	0.025805930402360053	0.0	0.0
368	0.0007312368555176851	4.578019907363396	0.9039013550373425	200.0	0.01	0.002	8.79804805611206	7.6417372860326145	0.2556614484940212	500.0	12.686237092363129	0.025805930402360053	0.0	0.0
369	0.0007312368555176851	5.90959979028158	0.9039013550373425	200.0	0.01	0.002	8.79804805611206	7.6417372860326145	0.2556614484940212	500.0	12.686237092363129	0.025805930402360053	0.0	0.0
370	0.0007312368555176851	9.743041232283613	0.9039013550373425	200.0	0.01	0.002	8.79804805611206	7.6417372860326145	0.2556614484940212	500.0	12.686237092363129	0.025805930402360053	0.0	0.0
371	0.0007251517129448396	10.868131402934763	8.573775023753248	200.0	0.01	0.002	8.105615112078505	4.696530852364691	1.7875342878014224	500.0	3.310851464529854	0.006960483405493414	1.0	0.0
372	0.0007251517129448396	22.692650922520617	8.573775023753248	200.0	0.01	0.002	8.105615112078505	4.696530852364691	1.7875342878014224	500.0	3.310851464529854	0.006960483405493414	1.0	0.0
373	0.0007251517129448396	28.37137449225286	8.573775023753248	200.0	0.01	0.002	8.105615112078505	4.696530852364691	1.7875342878014224	500.0	3.310851464529854	0.006960483405493414	1.0	0.0
374	0.0007251517129448396	32.46075900052354	8.573775023753248	200.0	0.01	0.002	8.105615112078505	4.696530852364691	1.7875342878014224	500.0	3.310851464529854	0.006960483405493414	1.0	0.0
375	0.0007251517129448396	34.19607833818938	8.573775023753248	200.0	0.01	0.002	8.105615112078505	4.696530852364691	1.7875342878014224	500.0	3.310851464529854	0.006960483405493414	1.0	0.0
376	0.0007251517129448396	36.50845518789741	8.573775023753248	200.0	0.01	0.002	8.105615112078505	4.696530852364691	1.7875342878014224	500.0	3.310851464529854	0.006960483405493414	1.0	0.0
377	9.988606724445255e-05	10.40571031005252	1.6161139676193121	200.0	0.01	0.002	8.09590637488687	6.8236852630745926	0.17703615627454092	500.0	2.382021361329143	0.005649043158408668	0.0	1.0
378	9.988606724445255e-05	11.669334219358815	1.6161139676193121	200.0	0.01	0.002	8.09590637488687	6.8236852630745926	0.17703615627454092	500.0	2.382021361329143	0.005649043158408668	0.0	1.0
379	9.988606724445255e-05	12.311551384371931	1.6161139676193121	200.0	0.01	0.002	8.09590637488687	6.8236852630745926	0.17703615627454092	500.0	2.382021361329143	0.005649043158408668	0.0	1.0
380	9.988606724445255e-05	13.202943919712839	1.6161139676193121	200.0	0.01	0.002	8.09590637488687	6.8236852630745926	0.17703615627454092	500.0	2.382021361329143	0.005649043158408668	0.0	1.0
381	9.988606724445255e-05	13.621787451645655	1.6161139676193121	200.0	0.01	0.002	8.09590637488687	6.8236852630745926	0.17703615627454092	500.0	2.382021361329143	0.005649043158408668	0.0	1.0
382	9.988606724445255e-05	18.46886729678453	1.6161139676193121	200.0	0.01	0.002	8.09590637488687	6.8236852630745926	0.17703615627454092	500.0	2.382021361329143	0.005649043158408668	0.0	1.0
383	9.988606724445255e-05	24.903677862696235	1.6161139676193121	200.0	0.01	0.002	8.09590637488687	6.8236852630745926	0.17703615627454092	500.0	2.382021361329143	0.005649043158408668	0.0	1.0
384	9.988606724445255e-05	31.957583350130534	1.6161139676193121	200.0	0.01	0.002	8.09590637488687	6.8236852630745926	0.17703615627454092	500.0	7.309689200687516	0.005649043158408668	1.0	1.0
385	9.988606724445255e-05	53.74634188292463	1.6161139676193121	200.0	0.01	0.002	8.09590637488687	6.8236852630745926	0.17703615627454092	500.0	7.309689200687516	0.005649043158408668	1.0	1.0
386	9.988606724445255e-05	65.09856517348874	1.6161139676193121	200.0	0.01	0.002	8.09590637488687	6.8236852630745926	0.17703615627454092	500.0	7.309689200687516	0.005649043158408668	1.0	1.0
387	9.988606724445255e-05	73.7599979642924	1.6161139676193121	200.0	0.01	0.002	8.09590637488687	6.8236852630745926	0.17703615627454092	500.0	7.309689200687516	0.005649043158408668	1.0	1.0
388	9.988606724445255e-05	77.20268383271905	1.6161139676193121	200.0	0.01	0.002	8.09590637488687	6.8236852630745926	0.17703615627454092	500.0	7.309689200687516	0.005649043158408668	1.0	1.0
389	9.988606724445255e-05	82.20613486791149	1.6161139676193121	200.0	0.01	0.002	8.09590637488687	6.8236852630745926	0.17703615627454092	500.0	7.309689200687516	0.005649043158408668	1.0	1.0
390	0.0007312368555176851	3.6875959216006393	0.9039013550373425	200.0	0.01	0.002	8.79804805611206	7.6417372860326145	0.2556614484940212	500.0	12.686237092363129	0.025805930402360053	0.0	0.0
391	0.0007312368555176851	4.061587355100946	0.9039013550373425	200.0	0.01	0.002	8.79804805611206	7.6417372860326145	0.2556614484940212	500.0	12.686237092363129	0.025805930402360053	0.0	0.0
392	0.0007312368555176851	4.222099564079653	0.9039013550373425	200.0	0.01	0.002	8.79804805611206	7.6417372860326145	0.2556614484940212	500.0	12.686237092363129	0.025805930402360053	0.0	0.0
393	0.0007312368555176851	4.45624041562253	0.9039013550373425	200.0	0.01	0.002	8.79804805611206	7.6417372860326145	0.2556614484940212	500.0	12.686237092363129	0.025805930402360053	0.0	0.0
394	0.0007312368555176851	4.578019907363396	0.9039013550373425	200.0	0.01	0.002	8.79804805611206	7.6417372860326145	0.2556614484940212	500.0	12.686237092363129	0.025805930402360053	0.0	0.0
395	0.0007312368555176851	5.90959979028158	0.9039013550373425	200.0	0.01	0.002	8.79804805611206	7.6417372860326145	0.2556614484940212	500.0	12.686237092363129	0.025805930402360053	0.0	0.0
396	0.0007312368555176851	9.743041232283613	0.9039013550373425	200.0	0.01	0.002	8.79804805611206	7.6417372860326145	0.2556614484940212	500.0	12.686237092363129	0.025805930402360053	0.0	0.0
397	0.0007251517129448396	10.868131402934763	8.573775023753248	200.0	0.01	0.002	8.105615112078505	4.696530852364691	1.7875342878014224	500.0	3.310851464529854	0.006960483405493414	1.0	0.0
398	0.0007251517129448396	22.692650922520617	8.573775023753248	200.0	0.01	0.002	8.105615112078505	4.696530852364691	1.7875342878014224	500.0	3.310851464529854	0.006960483405493414	1.0	0.0
399	0.0007251517129448396	28.37137449225286	8.573775023753248	200.0	0.01	0.002	8.105615112078505	4.696530852364691	1.7875342878014224	500.0	3.310851464529854	0.006960483405493414	1.0	0.0
400	0.0007251517129448396	32.46075900052354	8.573775023753248	200.0	0.01	0.002	8.105615112078505	4.696530852364691	1.7875342878014224	500.0	3.310851464529854	0.006960483405493414	1.0	0.0
401	0.0007251517129448396	34.19607833818938	8.573775023753248	200.0	0.01	0.002	8.105615112078505	4.696530852364691	1.7875342878014224	500.0	3.310851464529854	0.006960483405493414	1.0	0.0
402	0.0007251517129448396	36.50845518789741	8.573775023753248	200.0	0.01	0.002	8.105615112078505	4.696530852364691	1.7875342878014224	500.0	3.310851464529854	0.006960483405493414	1.0	0.0
403	9.988606724445255e-05	10.40571031005252	1.6161139676193121	200.0	0.01	0.002	8.09590637488687	6.8236852630745926	0.17703615627454092	500.0	2.382021361329143	0.005649043158408668	0.0	1.0
404	9.988606724445255e-05	11.669334219358815	1.6161139676193121	200.0	0.01	0.002	8.09590637488687	6.8236852630745926	0.17703615627454092	500.0	2.382021361329143	0.005649043158408668	0.0	1.0
405	9.988606724445255e-05	12.311551384371931	1.6161139676193121	200.0	0.01	0.002	8.09590637488687	6.8236852630745926	0.17703615627454092	500.0	2.382021361329143	0.005649043158408668	0.0	1.0
406	9.988606724445255e-05	13.202943919712839	1.6161139676193121	200.0	0.01	0.002	8.09590637488687	6.8236852630745926	0.17703615627454092	500.0	2.382021361329143	0.005649043158408668	0.0	1.0
407	9.988606724445255e-05	13.621787451645655	1.6161139676193121	200.0	0.01	0.002	8.09590637488687	6.8236852630745926	0.17703615627454092	500.0	2.382021361329143	0.005649043158408668	0.0	1.0
408	9.988606724445255e-05	18.46886729678453	1.6161139676193121	200.0	0.01	0.002	8.09590637488687	6.8236852630745926	0.17703615627454092	500.0	2.382021361329143	0.005649043158408668	0.0	1.0
409	9.988606724445255e-05	24.903677862696235	1.6161139676193121	200.0	0.01	0.002	8.09590637488687	6.8236852630745926	0.17703615627454092	500.0	2.382021361329143	0.005649043158408668	0.0	1.0
410	9.988606724445255e-05	31.957583350130534	1.6161139676193121	200.0	0.01	0.002	8.09590637488687	6.8236852630745926	0.17703615627454092	500.0	7.309689200687516	0.005649043158408668	1.0	1.0
411	9.988606724445255e-05	53.74634188292463	1.6161139676193121	200.0	0.01	0.002	8.09590637488687	6.8236852630745926	0.17703615627454092	500.0	7.309689200687516	0.005649043158408668	1.0	1.0
412	9.988606724445255e-05	65.09856517348874	1.6161139676193121	200.0	0.01	0.002	8.09590637488687	6.8236852630745926	0.17703615627454092	500.0	7.309689200687516	0.005649043158408668	1.0	1.0
413	9.988606724445255e-05	73.7599979642924	1.6161139676193121	200.0	0.01	0.002	8.09590637488687	6.8236852630745926	0.17703615627454092	500.0	7.309689200687516	0.005649043158408668	1.0	1.0
414	9.988606724445255e-05	77.20268383271905	1.6161139676193121	200.0	0.01	0.002	8.09590637488687	6.8236852630745926	0.17703615627454092	500.0	7.309689200687516	0.005649043158408668	1.0	1.0
415	9.988606724445255e-05	82.20613486791149	1.6161139676193121	200.0	0.01	0.002	8.09590637488687	6.8236852630745926	0.17703615627454092	500.0	7.309689200687516	0.005649043158408668	1.0	1.0
416	0.0007312368555176851	3.6875959216006393	0.9039013550373425	200.0	0.01	0.002	8.79804805611206	7.6417372860326145	0.2556614484940212	500.0	12.686237092363129	0.025805930402360053	0.0	0.0
417	0.0007312368555176851	4.061587355100946	0.9039013550373425	200.0	0.01	0.002	8.79804805611206	7.6417372860326145	0.2556614484940212	500.0	12.686237092363129	0.025805930402360053	0.0	0.0
418	0.0007312368555176851	4.222099564079653	0.9039013550373425	200.0	0.01	0.002	8.79804805611206	7.6417372860326145	0.2556614484940212	500.0	12.686237092363129	0.025805930402360053	0.0	0.0
419	0.0007312368555176851	4.45624041562253	0.9039013550373425	200.0	0.01	0.002	8.79804805611206	7.6417372860326145	0.2556614484940212	500.0	12.686237092363129	0.025805930402360053	0.0	0.0
420	0.0007312368555176851	4.578019907363396	0.9039013550373425	200.0	0.01	0.002	8.79804805611206	7.6417372860326145	0.2556614484940212	500.0	12.686237092363129	0.025805930402360053	0.0	0.0
421	0.0007312368555176851	5.90959979028158	0.9039013550373425	200.0	0.01	0.002	8.79804805611206	7.6417372860326145	0.2556614484940212	500.0	12.686237092363129	0.025805930402360053	0.0	0.0
422	0.0007312368555176851	9.743041232283613	0.9039013550373425	200.0	0.01	0.002	8.79804805611206	7.6417372860326145	0.2556614484940212	500.0	12.686237092363129	0.025805930402360053	0.0	0.0
423	0.0007251517129448396	10.868131402934763	8.573775023753248	200.0	0.01	0.002	8.105615112078505	4.696530852364691	1.7875342878014224	500.0	3.310851464529854	0.006960483405493414	1.0	0.0
424	0.0007251517129448396	22.692650922520617	8.573775023753248	200.0	0.01	0.002	8.105615112078505	4.696530852364691	1.7875342878014224	500.0	3.310851464529854	0.006960483405493414	1.0	0.0
425	0.0007251517129448396	28.37137449225286	8.573775023753248	200.0	0.01	0.002	8.105615112078505	4.696530852364691	1.7875342878014224	500.0	3.310851464529854	0.006960483405493414	1.0	0.0
426	0.0007251517129448396	32.46075900052354	8.573775023753248	200.0	0.01	0.002	8.105615112078505	4.696530852364691	1.7875342878014224	500.0	3.310851464529854	0.006960483405493414	1.0	0.0
427	0.0007251517129448396	34.19607833818938	8.573775023753248	200.0	0.01	0.002	8.105615112078505	4.696530852364691	1.7875342878014224	500.0	3.310851464529854	0.006960483405493414	1.0	0.0
428	0.0007251517129448396	36.50845518789741	8.573775023753248	200.0	0.01	0.002	8.105615112078505	4.696530852364691	1.7875342878014224	500.0	3.310851464529854	0.006960483405493414	1.0	0.0
429	9.988606724445255e-05	10.40571031005252	1.6161139676193121	200.0	0.01	0.002	8.09590637488687	6.8236852630745926	0.17703615627454092	500.0	2.382021361329143	0.005649043158408668	0.0	1.0
430	9.988606724445255e-05	11.669334219358815	1.6161139676193121	200.0	0.01	0.002	8.09590637488687	6.8236852630745926	0.17703615627454092	500.0	2.382021361329143	0.005649043158408668	0.0	1.0
431	9.988606724445255e-05	12.311551384371931	1.6161139676193121	200.0	0.01	0.002	8.09590637488687	6.8236852630745926	0.17703615627454092	500.0	2.382021361329143	0.005649043158408668	0.0	1.0
432	9.988606724445255e-05	13.202943919712839	1.6161139676193121	200.0	0.01	0.002	8.09590637488687	6.8236852630745926	0.17703615627454092	500.0	2.382021361329143	0.005649043158408668	0.0	1.0
433	9.988606724445255e-05	13.621787451645655	1.6161139676193121	200.0	0.01	0.002	8.09590637488687	6.8236852630745926	0.17703615627454092	500.0	2.382021361329143	0.005649043158408668	0.0	1.0
434	9.988606724445255e-05	18.46886729678453	1.6161139676193121	200.0	0.01	0.002	8.09590637488687	6.8236852630745926	0.17703615627454092	500.0	2.382021361329143	0.005649043158408668	0.0	1.0
435	9.988606724445255e-05	24.903677862696235	1.6161139676193121	200.0	0.01	0.002	8.09590637488687	6.8236852630745926	0.17703615627454092	500.0	2.382021361329143	0.005649043158408668	0.0	1.0
436	9.988606724445255e-05	31.957583350130534	1.6161139676193121	200.0	0.01	0.002	8.09590637488687	6.8236852630745926	0.17703615627454092	500.0	7.309689200687516	0.005649043158408668	1.0	1.0
437	9.988606724445255e-05	53.74634188292463	1.6161139676193121	200.0	0.01	0.002	8.09590637488687	6.8236852630745926	0.17703615627454092	500.0	7.309689200687516	0.005649043158408668	1.0	1.0
438	9.988606724445255e-05	65.09856517348874	1.6161139676193121	200.0	0.01	0.002	8.09590637488687	6.8236852630745926	0.17703615627454092	500.0	7.309689200687516	0.005649043158408668	1.0	1.0
439	9.988606724445255e-05	73.7599979642924	1.6161139676193121	200.0	0.01	0.002	8.09590637488687	6.8236852630745926	0.17703615627454092	500.0	7.309689200687516	0.005649043158408668	1.0	1.0
440	9.988606724445255e-05	77.20268383271905	1.6161139676193121	200.0	0.01	0.002	8.09590637488687	6.8236852630745926	0.17703615627454092	500.0	7.309689200687516	0.005649043158408668	1.0	1.0
441	9.988606724445255e-05	82.20613486791149	1.6161139676193121	200.0	0.01	0.002	8.09590637488687	6.8236852630745926	0.17703615627454092	500.0	7.309689200687516	0.005649043158408668	1.0	1.0
442	0.0007312368555176851	3.6875959216006393	0.9039013550373425	200.0	0.01	0.002	8.79804805611206	7.6417372860326145	0.2556614484940212	500.0	12.686237092363129	0.025805930402360053	0.0	0.0
443	0.0007312368555176851	4.061587355100946	0.9039013550373425	200.0	0.01	0.002	8.79804805611206	7.6417372860326145	0.2556614484940212	500.0	12.686237092363129	0.025805930402360053	0.0	0.0
444	0.0007312368555176851	4.222099564079653	0.9039013550373425	200.0	0.01	0.002	8.79804805611206	7.6417372860326145	0.2556614484940212	500.0	12.686237092363129	0.025805930402360053	0.0	0.0
445	0.0007312368555176851	4.45624041562253	0.9039013550373425	200.0	0.01	0.002	8.79804805611206	7.6417372860326145	0.2556614484940212	500.0	12.686237092363129	0.025805930402360053	0.0	0.0
446	0.0007312368555176851	4.578019907363396	0.9039013550373425	200.0	0.01	0.002	8.79804805611206	7.6417372860326145	0.2556614484940212	500.0	12.686237092363129	0.025805930402360053	0.0	0.0
447	0.0007312368555176851	5.90959979028158	0.9039013550373425	200.0	0.01	0.002	8.79804805611206	7.6417372860326145	0.2556614484940212	500.0	12.686237092363129	0.025805930402360053	0.0	0.0
448	0.0007312368555176851	9.743041232283613	0.9039013550373425	200.0	0.01	0.002	8.79804805611206	7.6417372860326145	0.2556614484940212	500.0	12.686237092363129	0.025805930402360053	0.0	0.0
449	0.0007251517129448396	10.868131402934763	8.573775023753248	200.0	0.01	0.002	8.105615112078505	4.696530852364691	1.7875342878014224	500.0	3.310851464529854	0.006960483405493414	1.0	0.0
450	0.0007251517129448396	22.692650922520617	8.573775023753248	200.0	0.01	0.002	8.105615112078505	4.696530852364691	1.7875342878014224	500.0	3.310851464529854	0.006960483405493414	1.0	0.0
451	0.0007251517129448396	28.37137449225286	8.573775023753248	200.0	0.01	0.002	8.105615112078505	4.696530852364691	1.7875342878014224	500.0	3.310851464529854	0.006960483405493414	1.0	0.0
452	0.0007251517129448396	32.46075900052354	8.573775023753248	200.0	0.01	0.002	8.105615112078505	4.696530852364691	1.7875342878014224	500.0	3.310851464529854	0.006960483405493414	1.0	0.0
453	0.0007251517129448396	34.19607833818938	8.573775023753248	200.0	0.01	0.002	8.105615112078505	4.696530852364691	1.7875342878014224	500.0	3.310851464529854	0.006960483405493414	1.0	0.0
454	0.0007251517129448396	36.50845518789741	8.573775023753248	200.0	0.01	0.002	8.105615112078505	4.696530852364691	1.7875342878014224	500.0	3.310851464529854	0.006960483405493414	1.0	0.0
455	9.988606724445255e-05	10.40571031005252	1.6161139676193121	200.0	0.01	0.002	8.09590637488687	6.8236852630745926	0.17703615627454092	500.0	2.382021361329143	0.005649043158408668	0.0	1.0
456	9.988606724445255e-05	11.669334219358815	1.6161139676193121	200.0	0.01	0.002	8.09590637488687	6.8236852630745926	0.17703615627454092	500.0	2.382021361329143	0.005649043158408668	0.0	1.0
457	9.988606724445255e-05	12.311551384371931	1.6161139676193121	200.0	0.01	0.002	8.09590637488687	6.8236852630745926	0.17703615627454092	500.0	2.382021361329143	0.005649043158408668	0.0	1.0
458	9.988606724445255e-05	13.202943919712839	1.6161139676193121	200.0	0.01	0.002	8.09590637488687	6.8236852630745926	0.17703615627454092	500.0	2.382021361329143	0.005649043158408668	0.0	1.0
459	9.988606724445255e-05	13.621787451645655	1.6161139676193121	200.0	0.01	0.002	8.09590637488687	6.8236852630745926	0.17703615627454092	500.0	2.382021361329143	0.005649043158408668	0.0	1.0
460	9.988606724445255e-05	18.46886729678453	1.6161139676193121	200.0	0.01	0.002	8.09590637488687	6.8236852630745926	0.17703615627454092	500.0	2.382021361329143	0.005649043158408668	0.0	1.0
461	9.988606724445255e-05	24.903677862696235	1.6161139676193121	200.0	0.01	0.002	8.09590637488687	6.8236852630745926	0.17703615627454092	500.0	2.382021361329143	0.005649043158408668	0.0	1.0
462	9.988606724445255e-05	31.957583350130534	1.6161139676193121	200.0	0.01	0.002	8.09590637488687	6.8236852630745926	0.17703615627454092	500.0	7.309689200687516	0.005649043158408668	1.0	1.0
463	9.988606724445255e-05	53.74634188292463	1.6161139676193121	200.0	0.01	0.002	8.09590637488687	6.8236852630745926	0.17703615627454092	500.0	7.309689200687516	0.005649043158408668	1.0	1.0
464	9.988606724445255e-05	65.09856517348874	1.6161139676193121	200.0	0.01	0.002	8.09590637488687	6.8236852630745926	0.17703615627454092	500.0	7.309689200687516	0.005649043158408668	1.0	1.0
465	9.988606724445255e-05	73.7599979642924	1.6161139676193121	200.0	0.01	0.002	8.09590637488687	6.8236852630745926	0.17703615627454092	500.0	7.309689200687516	0.005649043158408668	1.0	1.0
466	9.988606724445255e-05	77.20268383271905	1.6161139676193121	200.0	0.01	0.002	8.09590637488687	6.8236852630745926	0.17703615627454092	500.0	7.309689200687516	0.005649043158408668	1.0	1.0
467	9.988606724445255e-05	82.20613486791149	1.6161139676193121	200.0	0.01	0.002	8.09590637488687	6.8236852630745926	0.17703615627454092	500.0	7.309689200687516	0.005649043158408668	1.0	1.0
468	0.0007312368555176851	3.6875959216006393	0.9039013550373425	200.0	0.01	0.002	8.79804805611206	7.6417372860326145	0.2556614484940212	500.0	12.686237092363129	0.025805930402360053	0.0	0.0
469	0.0007312368555176851	4.061587355100946	0.9039013550373425	200.0	0.01	0.002	8.79804805611206	7.6417372860326145	0.2556614484940212	500.0	12.686237092363129	0.025805930402360053	0.0	0.0
470	0.0007312368555176851	4.222099564079653	0.9039013550373425	200.0	0.01	0.002	8.79804805611206	7.6417372860326145	0.2556614484940212	500.0	12.686237092363129	0.025805930402360053	0.0	0.0
471	0.0007312368555176851	4.45624041562253	0.9039013550373425	200.0	0.01	0.002	8.79804805611206	7.6417372860326145	0.2556614484940212	500.0	12.686237092363129	0.025805930402360053	0.0	0.0
472	0.0007312368555176851	4.578019907363396	0.9039013550373425	200.0	0.01	0.002	8.79804805611206	7.6417372860326145	0.2556614484940212	500.0	12.686237092363129	0.025805930402360053	0.0	0.0
473	0.0007312368555176851	5.90959979028158	0.9039013550373425	200.0	0.01	0.002	8.79804805611206	7.6417372860326145	0.2556614484940212	500.0	12.686237092363129	0.025805930402360053	0.0	0.0
474	0.0007312368555176851	9.743041232283613	0.9039013550373425	200.0	0.01	0.002	8.79804805611206	7.6417372860326145	0.2556614484940212	500.0	12.686237092363129	0.025805930402360053	0.0	0.0
475	0.0007251517129448396	10.868131402934763	8.573775023753248	200.0	0.01	0.002	8.105615112078505	4.696530852364691	1.7875342878014224	500.0	3.310851464529854	0.006960483405493414	1.0	0.0
476	0.0007251517129448396	22.692650922520617	8.573775023753248	200.0	0.01	0.002	8.105615112078505	4.696530852364691	1.7875342878014224	500.0	3.310851464529854	0.006960483405493414	1.0	0.0
477	0.0007251517129448396	28.37137449225286	8.573775023753248	200.0	0.01	0.002	8.105615112078505	4.696530852364691	1.7875342878014224	500.0	3.310851464529854	0.006960483405493414	1.0	0.0
478	0.0007251517129448396	32.46075900052354	8.573775023753248	200.0	0.01	0.002	8.105615112078505	4.696530852364691	1.7875342878014224	500.0	3.310851464529854	0.006960483405493414	1.0	0.0
479	0.0007251517129448396	34.19607833818938	8.573775023753248	200.0	0.01	0.002	8.105615112078505	4.696530852364691	1.7875342878014224	500.0	3.310851464529854	0.006960483405493414	1.0	0.0
480	0.0007251517129448396	36.50845518789741	8.573775023753248	200.0	0.01	0.002	8.105615112078505	4.696530852364691	1.7875342878014224	500.0	3.310851464529854	0.006960483405493414	1.0	0.0
481	9.988606724445255e-05	10.40571031005252	1.6161139676193121	200.0	0.01	0.002	8.09590637488687	6.8236852630745926	0.17703615627454092	500.0	2.382021361329143	0.005649043158408668	0.0	1.0
482	9.988606724445255e-05	11.669334219358815	1.6161139676193121	200.0	0.01	0.002	8.09590637488687	6.8236852630745926	0.17703615627454092	500.0	2.382021361329143	0.005649043158408668	0.0	1.0
483	9.988606724445255e-05	12.311551384371931	1.6161139676193121	200.0	0.01	0.002	8.09590637488687	6.8236852630745926	0.17703615627454092	500.0	2.382021361329143	0.005649043158408668	0.0	1.0
484	9.988606724445255e-05	13.202943919712839	1.6161139676193121	200.0	0.01	0.002	8.09590637488687	6.8236852630745926	0.17703615627454092	500.0	2.382021361329143	0.005649043158408668	0.0	1.0
485	9.988606724445255e-05	13.621787451645655	1.6161139676193121	200.0	0.01	0.002	8.09590637488687	6.8236852630745926	0.17703615627454092	500.0	2.382021361329143	0.005649043158408668	0.0	1.0
486	9.988606724445255e-05	18.46886729678453	1.6161139676193121	200.0	0.01	0.002	8.09590637488687	6.8236852630745926	0.17703615627454092	500.0	2.382021361329143	0.005649043158408668	0.0	1.0
487	9.988606724445255e-05	24.903677862696235	1.6161139676193121	200.0	0.01	0.002	8.09590637488687	6.8236852630745926	0.17703615627454092	500.0	2.382021361329143	0.005649043158408668	0.0	1.0
488	9.988606724445255e-05	31.957583350130534	1.6161139676193121	200.0	0.01	0.002	8.09590637488687	6.8236852630745926	0.17703615627454092	500.0	7.309689200687516	0.005649043158408668	1.0	1.0
489	9.988606724445255e-05	53.74634188292463	1.6161139676193121	200.0	0.01	0.002	8.09590637488687	6.8236852630745926	0.17703615627454092	500.0	7.309689200687516	0.005649043158408668	1.0	1.0
490	9.988606724445255e-05	65.09856517348874	1.6161139676193121	200.0	0.01	0.002	8.09590637488687	6.8236852630745926	0.17703615627454092	500.0	7.309689200687516	0.005649043158408668	1.0	1.0
491	9.988606724445255e-05	73.7599979642924	1.6161139676193121	200.0	0.01	0.002	8.09590637488687	6.8236852630745926	0.17703615627454092	500.0	7.309689200687516	0.005649043158408668	1.0	1.0
492	9.988606724445255e-05	77.20268383271905	1.6161139676193121	200.0	0.01	0.002	8.09590637488687	6.8236852630745926	0.17703615627454092	500.0	7.309689200687516	0.005649043158408668	1.0	1.0
493	9.988606724445255e-05	82.20613486791149	1.6161139676193121	200.0	0.01	0.002	8.09590637488687	6.8236852630745926	0.17703615627454092	500.0	7.309689200687516	0.005649043158408668	1.0	1.0
494	0.0007312368555176851	3.6875959216006393	0.9039013550373425	200.0	0.01	0.002	8.79804805611206	7.6417372860326145	0.2556614484940212	500.0	12.686237092363129	0.025805930402360053	0.0	0.0
495	0.0007312368555176851	4.061587355100946	0.9039013550373425	200.0	0.01	0.002	8.79804805611206	7.6417372860326145	0.2556614484940212	500.0	12.686237092363129	0.025805930402360053	0.0	0.0
496	0.0007312368555176851	4.222099564079653	0.9039013550373425	200.0	0.01	0.002	8.79804805611206	7.6417372860326145	0.2556614484940212	500.0	12.686237092363129	0.025805930402360053	0.0	0.0
497	0.0007312368555176851	4.45624041562253	0.9039013550373425	200.0	0.01	0.002	8.79804805611206	7.6417372860326145	0.2556614484940212	500.0	12.686237092363129	0.025805930402360053	0.0	0.0
498	0.0007312368555176851	4.578019907363396	0.9039013550373425	200.0	0.01	0.002	8.79804805611206	7.6417372860326145	0.2556614484940212	500.0	12.686237092363129	0.025805930402360053	0.0	0.0
499	0.0007312368555176851	5.90959979028158	0.9039013550373425	200.0	0.01	0.002	8.79804805611206	7.6417372860326145	0.2556614484940212	500.0	12.686237092363129	0.025805930402360053	0.0	0.0
500	0.0007312368555176851	9.743041232283613	0.9039013550373425	200.0	0.01	0.002	8.79804805611206	7.6417372860326145	0.2556614484940212	500.0	12.686237092363129	0.025805930402360053	0.0	0.0
501	0.0007251517129448396	10.868131402934763	8.573775023753248	200.0	0.01	0.002	8.105615112078505	4.696530852364691	1.7875342878014224	500.0	3.310851464529854	0.006960483405493414	1.0	0.0
502	0.0007251517129448396	22.692650922520617	8.573775023753248	200.0	0.01	0.002	8.105615112078505	4.696530852364691	1.7875342878014224	500.0	3.310851464529854	0.006960483405493414	1.0	0.0
503	0.0007251517129448396	28.37137449225286	8.573775023753248	200.0	0.01	0.002	8.105615112078505	4.696530852364691	1.7875342878014224	500.0	3.310851464529854	0.006960483405493414	1.0	0.0
504	0.0007251517129448396	32.46075900052354	8.573775023753248	200.0	0.01	0.002	8.105615112078505	4.696530852364691	1.7875342878014224	500.0	3.310851464529854	0.006960483405493414	1.0	0.0
505	0.0007251517129448396	34.19607833818938	8.573775023753248	200.0	0.01	0.002	8.105615112078505	4.696530852364691	1.7875342878014224	500.0	3.310851464529854	0.006960483405493414	1.0	0.0
506	0.0007251517129448396	36.50845518789741	8.573775023753248	200.0	0.01	0.002	8.105615112078505	4.696530852364691	1.7875342878014224	500.0	3.310851464529854	0.006960483405493414	1.0	0.0
507	9.988606724445255e-05	10.40571031005252	1.6161139676193121	200.0	0.01	0.002	8.09590637488687	6.8236852630745926	0.17703615627454092	500.0	2.382021361329143	0.005649043158408668	0.0	1.0
508	9.988606724445255e-05	11.669334219358815	1.6161139676193121	200.0	0.01	0.002	8.09590637488687	6.8236852630745926	0.17703615627454092	500.0	2.382021361329143	0.005649043158408668	0.0	1.0
509	9.988606724445255e-05	12.311551384371931	1.6161139676193121	200.0	0.01	0.002	8.09590637488687	6.8236852630745926	0.17703615627454092	500.0	2.382021361329143	0.005649043158408668	0.0	1.0
510	9.988606724445255e-05	13.202943919712839	1.6161139676193121	200.0	0.01	0.002	8.09590637488687	6.8236852630745926	0.17703615627454092	500.0	2.382021361329143	0.005649043158408668	0.0	1.0
511	9.988606724445255e-05	13.621787451645655	1.6161139676193121	200.0	0.01	0.002	8.09590637488687	6.8236852630745926	0.17703615627454092	500.0	2.382021361329143	0.005649043158408668	0.0	1.0
512	9.988606724445255e-05	18.46886729678453	1.6161139676193121	200.0	0.01	0.002	8.09590637488687	6.8236852630745926	0.17703615627454092	500.0	2.382021361329143	0.005649043158408668	0.0	1.0
513	9.988606724445255e-05	24.903677862696235	1.6161139676193121	200.0	0.01	0.002	8.09590637488687	6.8236852630745926	0.17703615627454092	500.0	2.382021361329143	0.005649043158408668	0.0	1.0
514	9.988606724445255e-05	31.957583350130534	1.6161139676193121	200.0	0.01	0.002	8.09590637488687	6.8236852630745926	0.17703615627454092	500.0	7.309689200687516	0.005649043158408668	1.0	1.0
515	9.988606724445255e-05	53.74634188292463	1.6161139676193121	200.0	0.01	0.002	8.09590637488687	6.8236852630745926	0.17703615627454092	500.0	7.309689200687516	0.005649043158408668	1.0	1.0
516	9.988606724445255e-05	65.09856517348874	1.6161139676193121	200.0	0.01	0.002	8.09590637488687	6.8236852630745926	0.17703615627454092	500.0	7.309689200687516	0.005649043158408668	1.0	1.0
517	9.988606724445255e-05	73.7599979642924	1.6161139676193121	200.0	0.01	0.002	8.09590637488687	6.8236852630745926	0.17703615627454092	500.0	7.309689200687516	0.005649043158408668	1.0	1.0
518	9.988606724445255e-05	77.20268383271905	1.6161139676193121	200.0	0.01	0.002	8.09590637488687	6.8236852630745926	0.17703615627454092	500.0	7.309689200687516	0.005649043158408668	1.0	1.0
519	9.988606724445255e-05	82.20613486791149	1.6161139676193121	200.0	0.01	0.002	8.09590637488687	6.8236852630745926	0.17703615627454092	500.0	7.309689200687516	0.005649043158408668	1.0	1.0
