1.062590300484066337e-02
8.957088315779794876e-03
8.776634057992440882e-03
1.384169927285220161e-02
2.015448764427887896e-02
1.581414952315365885e-02
1.595142533009339877e-02
2.782480381125998839e-02
2.955379896259778538e-02
2.035093828861876675e-02
2.463056226783772937e-02
3.949557981948023655e-02
4.374032073807253979e-02
3.871671638342269461e-02
3.709722468409058782e-02
5.650850841263967833e-02
7.560990062947801904e-02
6.330082439077307221e-02
6.658274304521126508e-02
9.608900487802927992e-02
1.435795775408562347e-01
1.079849108236219102e-01
9.346357275577815704e-02
1.755880594367738856e-01
2.111752385989141001e-01
1.620744164941595178e-01
1.499691128726310663e-01
2.971184775664696964e-01
2.954132926218018262e-01
2.802547943230300209e-01
2.761545225199294462e-01
5.139757792526027380e-01
5.016644334239265257e-01
4.320184594956437696e-01
4.353383858175609578e-01
7.087820297938829395e-01
8.332297975340762219e-01
7.388448168475553191e-01
7.685815517701829469e-01
1.211033504346151979e+00
3.132846662388624193e-01
1.661913327541277297e-01
1.021661475273254738e-01
6.726128268622660888e-02
3.562337819892898994e-01
1.705599584641854238e-01
1.027704988836984357e-01
8.183175640119251526e-02
3.221296426886883779e-01
1.714703533314399786e-01
1.095575740966983347e-01
8.739243569900041753e-02
3.270675923824298836e-01
1.403013060708224180e-01
9.669141103063697007e-02
8.864861164180755371e-02
3.386831845055698342e-01
1.328902198692540892e-01
9.031934683557493737e-02
8.823457550585250830e-02
3.172546982167241403e-01
1.235888363607255402e-01
8.269828924522951152e-02
1.127863391285079259e-01
3.730442982351407366e-01
1.142701815223552964e-01
8.727222403830892095e-02
1.343903919475543662e-01
3.489647176508927640e-01
1.232341022197560310e-01
8.066889030337488775e-02
1.861187383550203522e-01
3.435019812255168947e-01
1.208425500795059088e-01
7.947549527710182082e-02
2.900306301085013860e-01
3.042710149489071814e-01
1.000380511786496812e-01
7.502826266134167421e-02
4.819420747919528347e-01
5.118137390806506114e-03
1.336637103604853063e-02
2.815020279068996406e-02
1.778641687826397755e-01
7.544040045893834860e-03
1.921698428462966304e-02
4.474040796835918044e-02
3.707422343971404910e-01
1.308586281827810172e-02
3.344646390075810272e-02
7.510140471409522400e-02
4.404229888999769971e-01
1.844779998054751555e-02
5.516379465657967468e-02
1.119215661595081013e-01
8.072034125629981016e-01
3.163220423577761675e-02
9.302963764930954893e-02
1.946207251768609370e-01
1.286611788445836346e+00
5.957883689939798277e-02
1.768032212855275009e-01
2.917172648205930141e-01
1.917091545128172259e+00
8.775495669565867851e-02
2.004612117339419908e-01
4.847872949462876391e-01
3.340621373016129603e+00
1.395087627084942716e-01
3.913219759267017039e-01
8.764880507728154413e-01
5.661581892620040968e+00
2.628873356570109454e-01
5.994812327044793943e-01
1.100831800495978952e+00
8.741956464198525012e+00
3.729368916834987502e-01
1.007306394244021241e+00
1.954660870838192732e+00
1.486721393751979114e+01
9.405021546940354193e-01
1.256933150763710261e+00
1.340506989021410078e+00
1.015504164452942337e+00
1.091538945895009327e+00
1.228186290036658024e+00
1.035886056463896754e+00
1.424649337864319465e+00
1.311458156537114839e+00
1.279392035115304749e+00
1.289092665330467291e+00
1.626181979123104693e+00
1.179702989149816750e+00
1.233903446762370626e+00
1.167148590856196266e+00
2.148165421483655191e+00
1.004241126208748058e+00
1.182959971310635128e+00
1.111755535926151062e+00
2.262429022877133544e+00
1.093139681387763185e+00
1.181193328551766841e+00
1.245950896346541992e+00
3.078956685826746309e+00
1.188841745864193333e+00
1.079432732005687567e+00
1.381387038818983504e+00
3.480046956735946662e+00
1.138498222799533499e+00
1.297290185631500226e+00
1.422811296863227826e+00
4.973324421781950555e+00
1.204814517593163714e+00
1.095199592659533483e+00
1.553650028238978020e+00
7.714714316784486492e+00
1.017893138459006197e+00
1.095988619985776236e+00
1.121452039964008662e+00
1.120234581506599447e+01
5.248214814125436948e-04
7.713625066005086591e-04
2.055132082000044654e-03
8.077754564809587479e-03
9.200496366882800463e-04
1.311044048400578392e-03
3.703265204612473088e-03
1.799069707209751193e-02
1.645135575195940834e-03
1.935754096086721729e-03
6.388514608750801155e-03
2.701128916856750800e-02
2.535417751540501585e-03
3.114634870352990439e-03
8.284680182220166902e-03
5.378304642620570369e-02
3.450369051576574180e-03
5.413549382352710396e-03
1.541325973688429524e-02
7.480331768098233414e-02
5.862264248669593440e-03
8.786742717221709270e-03
2.046028394831123087e-02
1.187483473990679772e-01
1.072977107823956493e-02
1.267279565970583395e-02
2.780793874501927970e-02
1.419013963237082676e-01
1.663173854859305648e-02
2.110679084514335488e-02
5.227708959590261079e-02
1.877832116765153492e-01
2.865178573372396606e-02
4.058872287086769809e-02
8.420816838488869027e-02
1.725189636231553580e-01
4.331825347391621978e-02
6.530294329795068020e-02
1.658230592084779242e-01
2.271467315975112811e-01
2.512703815786787001e-04
3.838802578205236654e-02
1.930918910960462836e-02
1.128058047984985962e-02
7.400736403497713096e-04
6.053771056267063383e-02
2.806704869200302155e-02
2.030144441053487875e-02
2.699356195522567732e-03
6.916800286763447048e-02
3.524911110416492632e-02
3.486245226253502361e-02
1.498744881924850628e-02
1.064600312119271946e-01
5.167585953195170251e-02
7.162768994158556779e-02
2.518867502039548456e-01
1.482331249606893275e-01
7.189580381161334022e-02
1.545942386019092396e-01
4.364131355707865922e-01
1.601924308143435338e-01
1.356719751397588991e-01
7.586488236393714724e-01
5.252473965168750203e-01
2.321880785616030340e-01
2.362874973632554110e-01
2.377873857955933090e+00
6.193447162023435482e-01
3.459994896386310859e-01
6.774474605824138962e-01
nan
9.726420006821726583e-01
5.912092823334589298e-01
1.362230513313187785e+00
nan
1.270114386000950724e+00
1.005973459457305097e+00
0.000000000000000000e+00
nan
2.149161557227787345e+00
3.897981006287342121e-01
2.117924367821278908e-01
3.086015799226131673e-01
1.801390240345345894e+00
3.171705001183561246e-01
2.100441012733111068e-01
3.689344529144077955e-01
1.594407436083846719e+00
2.690776002325507843e-01
1.892104753620354463e-01
4.903603019218036874e-01
1.200307405025502705e+00
2.537764861601163324e-01
4.356862977269267967e-01
3.541715200397764218e-01
8.143600963668297110e-01
2.169237667161635630e-01
1.941569736446724648e-01
5.040870462821717135e-01
7.767089369694524237e-01
2.090906645450504864e-01
2.232280381159425509e-01
1.005481539943110958e+00
6.467164956880594451e-01
1.881307130177358455e-01
1.737979274382653871e-01
nan
4.509816297040940003e-01
1.944937774459183089e-01
5.874055926369788905e-01
nan
4.345372096928847849e-01
1.977994990564751476e-01
1.254820515434946993e+00
nan
3.842994338883221617e-01
2.377043307640046843e-01
nan
nan
1.242294258583480490e-04
1.436728831779099033e-02
1.674200421825255275e-02
3.662228570829403895e-02
3.788188647544495839e-04
2.101555989619724799e-02
3.169375118956442583e-02
7.656593597453567601e-02
1.350966301585305876e-03
2.963449801584557702e-02
6.099716439430409587e-02
2.058381358620202384e-01
6.914271780391680576e-03
6.035004119695815128e-02
1.187666338318614789e-01
7.880170564742586814e-01
9.117570952305811827e-02
1.247908808581873891e-01
2.504559326106308159e-01
1.345473124739730686e+00
1.623338254269970360e-01
2.441560687156755782e-01
6.224846360912882348e-01
1.756300491944890130e+00
2.781477547082975565e-01
4.444833265038871106e-01
1.707642364746110752e+00
4.658653256889195404e+00
5.194883672341862324e-01
7.689226935490600656e-01
7.222306043228045702e+00
nan
9.175379701246905162e-01
2.144721441409839002e+00
7.994064604989155498e+00
nan
1.798284531474790171e+00
3.968688795080081544e+00
0.000000000000000000e+00
nan
7.028541136370304088e+00
6.677920548882511298e+00
6.524070787670703808e+00
6.535967485536319899e+00
7.465861324407559785e+00
7.842013193187068687e+00
7.202863180094191797e+00
8.038160288554042410e+00
1.149286153943107003e+01
6.616102505707370796e+00
7.362213769331907187e+00
9.369161618110654288e+00
9.751677282126076207e+00
1.261585238962433486e+01
1.260948865173815037e+01
6.179032642500818184e+00
6.836942327520508123e+00
5.908054341186249836e+00
8.720165396722148188e+00
7.550154739450779751e+00
1.208875260679871921e+01
6.981917858836143687e+00
8.744409911288984816e+00
2.467803210334130970e+00
8.114401346526936010e+00
6.863406260393722036e+00
6.738291143970329244e+00
nan
1.000583734485915954e+01
6.533554031410396590e+00
1.947276821467928798e+01
nan
8.310922031916739172e+00
1.061572273061343097e+01
7.863523931828820146e+00
nan
8.815478031666447833e+00
1.134878074148761051e+01
nan
nan
1.825119374542498625e-04
3.138600518665560224e-03
1.659290196307791751e-03
2.288484579394110732e-03
5.202039811141417587e-04
4.874845912293383245e-03
2.485137424688746086e-03
5.404020380184454062e-03
1.557180308530672604e-03
5.281989533002877900e-03
4.237901157606632253e-03
1.617233700609528937e-02
5.137098799867428900e-03
7.322863778067171224e-03
6.435639707013119867e-03
4.119306341399796983e-02
1.901737700688237859e-02
7.831263484370331804e-03
1.092791953459482969e-02
8.412386713693607854e-02
2.371782966986050317e-02
1.224786222216509186e-02
2.109544219886400757e-02
5.292482385621925800e-02
2.019542209905998004e-02
1.867151443579253417e-02
5.239712197313646513e-02
nan
2.303579899303442521e-02
2.966550335582425479e-02
1.061614553927339305e-01
nan
2.492137917080652909e-02
4.086170505781148293e-02
9.047413596210079900e-02
nan
3.319839608881401671e-02
9.838803283674715794e-02
nan
nan
1.440586618973020532e-02
1.294090270280331446e-02
8.592734514536615881e-03
2.606751010680332867e-02
4.820167943819262529e-02
1.900775404762388571e-02
1.689231828742274177e-02
4.300507055887634739e-02
5.865768542173795119e-02
2.927901157738196578e-02
3.112801252767309276e-02
6.429539749207208166e-02
7.377518116783912672e-02
3.902348129044405645e-02
7.968334160454761117e-02
9.694001827620839229e-02
1.034736445653744730e-01
7.296116252265308355e-02
1.249253426962321917e-01
1.461768404495410456e-01
1.342471557178473718e-01
1.133611296356868692e-01
1.857900045928243260e-01
2.402773712476781176e-01
2.045708539793381631e-01
1.909988407521673037e-01
3.112297718907983679e-01
3.988580550967980032e-01
3.051415133890458264e-01
3.348781695289556049e-01
4.751803114588349919e-01
6.576250306008127877e-01
4.424335625463046706e-01
5.938926204429021416e-01
1.015390600319118208e+00
1.202009985131720526e+00
6.491006693998944144e-01
9.439284230544260357e-01
1.064034439890384043e+00
1.886520546253096953e+00
5.791798486741911445e-01
2.999499571764246419e-01
1.836822331071022163e-01
2.928516972992739609e-01
4.858784383180249633e-01
2.903824735190313477e-01
2.463001340113061266e-01
2.479134466798837422e-01
4.419130717667031916e-01
2.662920122783531407e-01
2.449198435880617919e-01
1.703803387888668808e-01
4.289039974710186498e-01
2.946395635044016803e-01
2.643195455109986769e-01
1.565576608010950110e-01
4.117379507961373974e-01
2.565801731620485082e-01
3.000526362593838869e-01
2.601926771865108456e-01
3.640586310329850250e-01
2.789142933934374291e-01
2.712834887464707911e-01
2.988193909890796141e-01
3.614951486070923092e-01
2.434172496277195452e-01
3.247456717605931020e-01
4.216514288467494986e-01
3.311268465588733112e-01
2.673229754994921881e-01
3.066151037659083922e-01
6.816561468913137078e-01
2.947712673672073236e-01
2.646949839917497327e-01
4.823148093109809742e-01
1.242758669426702545e+00
3.207242108072825837e-01
3.058337824124007231e-01
7.782119563193937717e-01
1.958904617795582004e+00
5.517052095187630935e-03
1.213386144023836759e-02
3.144237323659072186e-02
1.800067117133702377e-01
1.980589990262838357e-02
2.769328306093169281e-02
8.136707059883073467e-02
1.845679691173960635e-01
3.352683336803767566e-02
6.312547842873222903e-02
2.584094821941306797e-01
2.326539094955690223e-01
6.455420822533629310e-02
1.160277756657205478e-01
8.805898942046926914e-01
3.586551582566973040e-01
1.138814567786831516e-01
2.487804034285462929e-01
1.334742657390393994e+00
5.432750240634853789e-01
1.687491167335717634e-01
4.724598673454322717e-01
1.934633680094257180e+00
9.625596736130097586e-01
2.969243693545440266e-01
7.972843999531414871e-01
3.502416855168454024e+00
1.273484024715141549e+00
4.586766707012028821e-01
1.328808671648173290e+00
5.185459772684505531e+00
2.484421129065183642e+00
8.861201919368847379e-01
2.059846233239785107e+00
9.509128054622943083e+00
4.359612765884955721e+00
1.523591312308438139e+00
3.535276246133926659e+00
1.247952244003897171e+01
7.052175561004786708e+00
4.172172379487134819e+00
3.716176779503686411e+00
3.357053506232680284e+00
4.609997831890414233e+00
4.036319021551457276e+00
4.954833557483397932e+00
3.833719989925007621e+00
3.942874788822174903e+00
6.966835740237341312e+00
4.299126063266149878e+00
3.892468928216947344e+00
3.027017552354004160e+00
3.715962551026626315e+00
3.893689276860285986e+00
3.831880103064391196e+00
1.856181576789919019e+00
3.638647247144734198e+00
3.799593284473839816e+00
6.578516194094693681e+00
3.028984511345405028e+00
4.034058494793797855e+00
4.714359914443097210e+00
5.946689239796937088e+00
9.064381309511658769e-01
4.803443676913865090e+00
4.359150014849609178e+00
8.218194062886871265e+00
1.344250384837074819e+00
3.604941266933554989e+00
5.390282278896066259e+00
4.455566908265316428e+00
2.388014718177389195e+00
3.417964473023620720e+00
5.397752340007249572e+00
6.888416451808681451e+00
3.679049599274939464e+00
3.870724256272232822e+00
6.372352831752592373e+00
8.252290891321269584e+00
5.978244101497125484e+00
1.717309665627363808e-04
3.224680449021936879e-04
7.349237044054548204e-04
8.942450583245468640e-03
4.582796945488940596e-04
6.770532078440544103e-04
1.827753085653512598e-03
1.992518915713111308e-02
9.522772459849568674e-04
1.360142509986191897e-03
5.228211330408207708e-03
4.285183632343401300e-02
1.449176064371183667e-03
2.479464231615190369e-03
1.957805458388519812e-02
5.666647615623139622e-02
2.210389627345862862e-03
4.795784948844361573e-03
3.632360860344686221e-02
5.196884096841241502e-02
3.202354057969145247e-03
9.925354337995361681e-03
5.612459239986573173e-02
3.370776640589512319e-02
4.995879063394645381e-03
1.525783605054702695e-02
7.781986277580175970e-02
3.139288968637821142e-02
1.134224883951741661e-02
2.280716292925917543e-02
9.231164169210741288e-02
3.360574414993831166e-02
1.225499819228039779e-02
3.737779511637973756e-02
1.107764596194487083e-01
3.243387251134781379e-02
2.139387549555379214e-02
6.529601467974299744e-02
1.230259452778061091e-01
3.561141515258310630e-02
1.578032672538600897e-02
1.203598220427111974e-02
9.291003183809182220e-03
2.403163978940036499e-02
4.007245552270222166e-02
2.114389506900713964e-02
1.545508237700481992e-02
3.569767570430940062e-02
5.558432751488438794e-02
2.975818049760631592e-02
3.472173663097409546e-02
4.398815789129870146e-02
7.351976091139261760e-02
3.344318866024884040e-02
6.433622400650619577e-02
5.508686613846324603e-02
9.680286989286406019e-02
6.988255501350969234e-02
1.031607507002421376e-01
9.213515325327682748e-02
1.332851097599488110e-01
9.329568175637845129e-02
1.501006956361786160e-01
1.494804624698156115e-01
2.182542166286421947e-01
1.602714479333267883e-01
2.537179016945353416e-01
2.193322096577290103e-01
3.030603047083875179e-01
2.696546041272653849e-01
3.467363313478335485e-01
3.413503385432768433e-01
4.695828797998673476e-01
3.778179378515520992e-01
4.210142008530725621e-01
5.022626988480082266e-01
4.035698865476135544e-01
7.002064951107324076e-01
7.039939715072524029e-01
6.001294235411496203e-01
3.187450204705478130e-01
1.471341632349551232e-01
1.187197479090655455e-01
8.441285132304461591e-02
2.989165764031931349e-01
1.639746083212675898e-01
1.248002098759964790e-01
7.441911864193334614e-02
2.856814035737858526e-01
1.644963517743147918e-01
1.199933911014448296e-01
7.264384008829784245e-02
2.611677313039471038e-01
1.489576856065316923e-01
1.181015670325960554e-01
7.226739309296090208e-02
2.291040115852849557e-01
1.594073445545764744e-01
1.292111154109414073e-01
7.519437361048288138e-02
2.178444510692729152e-01
1.287043039960288071e-01
1.487187014165143317e-01
8.007339397892035415e-02
1.979951285779467385e-01
1.303392435092534662e-01
1.517102589331322804e-01
1.095006474344316222e-01
2.032388675563250313e-01
1.155281881239336728e-01
1.415703667339547334e-01
1.129131126137286611e-01
1.915571538574456223e-01
1.132692798895186675e-01
1.174498668916882649e-01
1.204606149512942037e-01
1.590475551051547809e-01
1.136826301445797993e-01
6.333906552647987354e-02
1.028883243607803116e-01
6.013437162529918292e-03
1.160296422477251517e-02
2.416972204647173730e-02
2.076919475106424884e-01
1.592098081271621501e-02
2.870833093180327408e-02
7.419093605603969965e-02
2.566959453728064333e-01
2.905478393252089800e-02
5.645198411216333090e-02
2.057150207815526266e-01
3.092988928225136602e-01
5.163658446176414701e-02
9.129014990711747934e-02
3.839879251327437126e-01
4.753310009049480644e-01
1.017580710406350841e-01
1.716546696348498213e-01
8.595883092991271068e-01
8.555681098867075063e-01
1.373924401017724284e-01
2.593022014745789972e-01
1.266352650417350789e+00
1.361443871990792864e+00
2.034998027891528338e-01
3.908014094015480056e-01
1.427837548547441493e+00
2.208628589178204038e+00
2.808955586320277531e-01
4.184632295488955878e-01
9.951796452052760200e-01
3.107037308647441431e+00
4.055045265304640933e-01
4.516532909329338819e-01
7.477609334951194064e-01
2.784513355496588183e+00
2.252500179589485563e-01
5.644856005665193077e-01
6.109993713977627250e-01
1.857868106164729083e+00
7.614886232920348164e-01
6.815725229151169406e-01
7.846414718779549657e-01
1.172636943530096509e+00
8.402326417039499562e-01
7.556952533670754368e-01
9.139211036839407498e-01
1.115292784430930828e+00
8.613375670864891198e-01
7.972097541139524512e-01
7.511939766956647890e-01
1.166832300279987411e+00
7.825762355296411732e-01
8.680624824866575162e-01
8.361796164795088915e-01
8.806920447825969944e-01
7.765634210379949165e-01
8.857130583892203202e-01
1.305623984371383495e+00
9.961519581139430812e-01
7.687823514247253964e-01
9.496779755930085942e-01
2.801191360809607733e+00
1.352237445945548622e+00
7.103768661367679815e-01
8.502645356987610370e-01
3.393326464900571438e+00
2.041474064394091403e+00
6.096754449063683801e-01
8.529661528395258152e-01
3.822481956201950304e+00
2.710495355036149245e+00
4.790963934351386566e-01
8.646114559186970361e-01
2.660455825148131836e+00
3.924311025354396687e+00
2.949840785409566513e-01
6.722345524072270706e-01
9.891132202096887260e-01
5.414502635959030030e+00
1.797964179966086778e-04
5.041826810928684566e-04
1.129675337098994242e-03
1.075216205366303843e-02
6.124403548712391765e-04
1.082782743011933679e-03
2.626711583054646554e-03
1.560596737362826211e-02
1.187656998449014697e-03
1.950659668275009102e-03
6.921529374542995626e-03
3.416717307815666377e-02
1.918018867709269737e-03
3.378621074045134662e-03
1.467398527978010236e-02
5.347545821681710942e-02
3.259839637986840493e-03
6.667499438221829826e-03
2.444483407760453253e-02
7.684047250345488189e-02
5.662029516531045213e-03
9.841474681580154524e-03
4.387875316168521334e-02
9.906582813655281927e-02
8.726316383074705224e-03
1.376163977722555734e-02
4.350253080365114322e-02
1.548778187163208919e-01
1.322237436873362898e-02
1.829849726314584923e-02
3.501942683286565772e-02
1.945971014333172100e-01
2.421092746533605108e-02
2.532309702125646808e-02
3.614417056960259056e-02
1.962498172769249760e-01
3.220892283657874472e-02
4.913857032199513142e-02
6.294253410223292489e-02
2.339151567411094645e-01
