	idx_species	g_E	g_I	nRep
0	0.0	3.0	2.0	101.0
1	0.0	3.0	2.3684210526315788	101.0
2	0.0	3.0	2.7368421052631575	101.0
3	0.0	3.3684210526315788	2.0	101.0
4	0.0	3.3684210526315788	2.3684210526315788	101.0
5	0.0	3.3684210526315788	2.7368421052631575	101.0
6	0.0	3.3684210526315788	3.1052631578947363	101.0
7	0.0	3.736842105263158	2.0	101.0
8	0.0	3.736842105263158	2.3684210526315788	101.0
9	0.0	3.736842105263158	2.7368421052631575	101.0
10	0.0	3.736842105263158	3.1052631578947363	101.0
11	0.0	3.736842105263158	3.473684210526315	101.0
12	0.0	4.105263157894736	2.0	101.0
13	0.0	4.105263157894736	2.3684210526315788	101.0
14	0.0	4.105263157894736	2.7368421052631575	101.0
15	0.0	4.105263157894736	3.1052631578947363	101.0
16	0.0	4.105263157894736	3.473684210526315	101.0
17	0.0	4.105263157894736	3.842105263157894	101.0
18	0.0	4.473684210526316	2.0	101.0
19	0.0	4.473684210526316	2.3684210526315788	101.0
20	0.0	4.473684210526316	2.7368421052631575	101.0
21	0.0	4.473684210526316	3.1052631578947363	101.0
22	0.0	4.473684210526316	3.473684210526315	101.0
23	0.0	4.473684210526316	3.842105263157894	101.0
24	0.0	4.473684210526316	4.210526315789473	101.0
25	0.0	4.842105263157895	2.0	101.0
26	0.0	4.842105263157895	2.3684210526315788	101.0
27	0.0	4.842105263157895	2.7368421052631575	101.0
28	0.0	4.842105263157895	3.1052631578947363	101.0
29	0.0	4.842105263157895	3.473684210526315	101.0
30	0.0	4.842105263157895	3.842105263157894	101.0
31	0.0	4.842105263157895	4.210526315789473	101.0
32	0.0	4.842105263157895	4.578947368421051	101.0
33	0.0	5.2105263157894735	2.0	101.0
34	0.0	5.2105263157894735	2.3684210526315788	101.0
35	0.0	5.2105263157894735	2.7368421052631575	101.0
36	0.0	5.2105263157894735	3.1052631578947363	101.0
37	0.0	5.2105263157894735	3.473684210526315	101.0
38	0.0	5.2105263157894735	3.842105263157894	101.0
39	0.0	5.2105263157894735	4.210526315789473	101.0
40	0.0	5.2105263157894735	4.578947368421051	101.0
41	0.0	5.2105263157894735	4.94736842105263	101.0
42	0.0	5.578947368421053	2.0	101.0
43	0.0	5.578947368421053	2.3684210526315788	101.0
44	0.0	5.578947368421053	2.7368421052631575	101.0
45	0.0	5.578947368421053	3.1052631578947363	101.0
46	0.0	5.578947368421053	3.473684210526315	101.0
47	0.0	5.578947368421053	3.842105263157894	101.0
48	0.0	5.578947368421053	4.210526315789473	101.0
49	0.0	5.578947368421053	4.578947368421051	101.0
50	0.0	5.578947368421053	4.94736842105263	101.0
51	0.0	5.578947368421053	5.315789473684209	101.0
52	0.0	5.947368421052632	2.0	101.0
53	0.0	5.947368421052632	2.3684210526315788	101.0
54	0.0	5.947368421052632	2.7368421052631575	101.0
55	0.0	5.947368421052632	3.1052631578947363	101.0
56	0.0	5.947368421052632	3.473684210526315	101.0
57	0.0	5.947368421052632	3.842105263157894	101.0
58	0.0	5.947368421052632	4.210526315789473	101.0
59	0.0	5.947368421052632	4.578947368421051	101.0
60	0.0	5.947368421052632	4.94736842105263	101.0
61	0.0	5.947368421052632	5.315789473684209	101.0
62	0.0	5.947368421052632	5.684210526315788	101.0
63	0.0	6.315789473684211	2.0	101.0
64	0.0	6.315789473684211	2.3684210526315788	101.0
65	0.0	6.315789473684211	2.7368421052631575	101.0
66	0.0	6.315789473684211	3.1052631578947363	101.0
67	0.0	6.315789473684211	3.473684210526315	101.0
68	0.0	6.315789473684211	3.842105263157894	101.0
69	0.0	6.315789473684211	4.210526315789473	101.0
70	0.0	6.315789473684211	4.578947368421051	101.0
71	0.0	6.315789473684211	4.94736842105263	101.0
72	0.0	6.315789473684211	5.315789473684209	101.0
73	0.0	6.315789473684211	5.684210526315788	101.0
74	0.0	6.315789473684211	6.052631578947366	101.0
75	0.0	6.684210526315789	2.0	101.0
76	0.0	6.684210526315789	2.3684210526315788	101.0
77	0.0	6.684210526315789	2.7368421052631575	101.0
78	0.0	6.684210526315789	3.1052631578947363	101.0
79	0.0	6.684210526315789	3.473684210526315	101.0
80	0.0	6.684210526315789	3.842105263157894	101.0
81	0.0	6.684210526315789	4.210526315789473	101.0
82	0.0	6.684210526315789	4.578947368421051	101.0
83	0.0	6.684210526315789	4.94736842105263	101.0
84	0.0	6.684210526315789	5.315789473684209	101.0
85	0.0	6.684210526315789	5.684210526315788	101.0
86	0.0	6.684210526315789	6.052631578947366	101.0
87	0.0	6.684210526315789	6.421052631578945	101.0
88	0.0	7.052631578947368	2.0	101.0
89	0.0	7.052631578947368	2.3684210526315788	101.0
90	0.0	7.052631578947368	2.7368421052631575	101.0
91	0.0	7.052631578947368	3.1052631578947363	101.0
92	0.0	7.052631578947368	3.473684210526315	101.0
93	0.0	7.052631578947368	3.842105263157894	101.0
94	0.0	7.052631578947368	4.210526315789473	101.0
95	0.0	7.052631578947368	4.578947368421051	101.0
96	0.0	7.052631578947368	4.94736842105263	101.0
97	0.0	7.052631578947368	5.315789473684209	101.0
98	0.0	7.052631578947368	5.684210526315788	101.0
99	0.0	7.052631578947368	6.052631578947366	101.0
100	0.0	7.052631578947368	6.421052631578945	101.0
101	0.0	7.052631578947368	6.789473684210524	101.0
102	0.0	7.421052631578947	2.0	101.0
103	0.0	7.421052631578947	2.3684210526315788	101.0
104	0.0	7.421052631578947	2.7368421052631575	101.0
105	0.0	7.421052631578947	3.1052631578947363	101.0
106	0.0	7.421052631578947	3.473684210526315	101.0
107	0.0	7.421052631578947	3.842105263157894	101.0
108	0.0	7.421052631578947	4.210526315789473	101.0
109	0.0	7.421052631578947	4.578947368421051	101.0
110	0.0	7.421052631578947	4.94736842105263	101.0
111	0.0	7.421052631578947	5.315789473684209	101.0
112	0.0	7.421052631578947	5.684210526315788	101.0
113	0.0	7.421052631578947	6.052631578947366	101.0
114	0.0	7.421052631578947	6.421052631578945	101.0
115	0.0	7.421052631578947	6.789473684210524	101.0
116	0.0	7.421052631578947	7.157894736842103	101.0
117	0.0	7.789473684210526	2.0	101.0
118	0.0	7.789473684210526	2.3684210526315788	101.0
119	0.0	7.789473684210526	2.7368421052631575	101.0
120	0.0	7.789473684210526	3.1052631578947363	101.0
121	0.0	7.789473684210526	3.473684210526315	101.0
122	0.0	7.789473684210526	3.842105263157894	101.0
123	0.0	7.789473684210526	4.210526315789473	101.0
124	0.0	7.789473684210526	4.578947368421051	101.0
125	0.0	7.789473684210526	4.94736842105263	101.0
126	0.0	7.789473684210526	5.315789473684209	101.0
127	0.0	7.789473684210526	5.684210526315788	101.0
128	0.0	7.789473684210526	6.052631578947366	101.0
129	0.0	7.789473684210526	6.421052631578945	101.0
130	0.0	7.789473684210526	6.789473684210524	101.0
131	0.0	7.789473684210526	7.157894736842103	101.0
132	0.0	7.789473684210526	7.526315789473681	101.0
133	0.0	8.157894736842106	2.0	101.0
134	0.0	8.157894736842106	2.3684210526315788	101.0
135	0.0	8.157894736842106	2.7368421052631575	101.0
136	0.0	8.157894736842106	3.1052631578947363	101.0
137	0.0	8.157894736842106	3.473684210526315	101.0
138	0.0	8.157894736842106	3.842105263157894	101.0
139	0.0	8.157894736842106	4.210526315789473	101.0
140	0.0	8.157894736842106	4.578947368421051	101.0
141	0.0	8.157894736842106	4.94736842105263	101.0
142	0.0	8.157894736842106	5.315789473684209	101.0
143	0.0	8.157894736842106	5.684210526315788	101.0
144	0.0	8.157894736842106	6.052631578947366	101.0
145	0.0	8.157894736842106	6.421052631578945	101.0
146	0.0	8.157894736842106	6.789473684210524	101.0
147	0.0	8.157894736842106	7.157894736842103	101.0
148	0.0	8.157894736842106	7.526315789473681	101.0
149	0.0	8.157894736842106	7.89473684210526	101.0
150	0.0	8.526315789473685	2.0	101.0
151	0.0	8.526315789473685	2.3684210526315788	101.0
152	0.0	8.526315789473685	2.7368421052631575	101.0
153	0.0	8.526315789473685	3.1052631578947363	101.0
154	0.0	8.526315789473685	3.473684210526315	101.0
155	0.0	8.526315789473685	3.842105263157894	101.0
156	0.0	8.526315789473685	4.210526315789473	101.0
157	0.0	8.526315789473685	4.578947368421051	101.0
158	0.0	8.526315789473685	4.94736842105263	101.0
159	0.0	8.526315789473685	5.315789473684209	101.0
160	0.0	8.526315789473685	5.684210526315788	101.0
161	0.0	8.526315789473685	6.052631578947366	101.0
162	0.0	8.526315789473685	6.421052631578945	101.0
163	0.0	8.526315789473685	6.789473684210524	101.0
164	0.0	8.526315789473685	7.157894736842103	101.0
165	0.0	8.526315789473685	7.526315789473681	101.0
166	0.0	8.526315789473685	7.89473684210526	101.0
167	0.0	8.526315789473685	8.263157894736839	101.0
168	0.0	8.894736842105264	2.0	101.0
169	0.0	8.894736842105264	2.3684210526315788	101.0
170	0.0	8.894736842105264	2.7368421052631575	101.0
171	0.0	8.894736842105264	3.1052631578947363	101.0
172	0.0	8.894736842105264	3.473684210526315	101.0
173	0.0	8.894736842105264	3.842105263157894	101.0
174	0.0	8.894736842105264	4.210526315789473	101.0
175	0.0	8.894736842105264	4.578947368421051	101.0
176	0.0	8.894736842105264	4.94736842105263	101.0
177	0.0	8.894736842105264	5.315789473684209	101.0
178	0.0	8.894736842105264	5.684210526315788	101.0
179	0.0	8.894736842105264	6.052631578947366	101.0
180	0.0	8.894736842105264	6.421052631578945	101.0
181	0.0	8.894736842105264	6.789473684210524	101.0
182	0.0	8.894736842105264	7.157894736842103	101.0
183	0.0	8.894736842105264	7.526315789473681	101.0
184	0.0	8.894736842105264	7.89473684210526	101.0
185	0.0	8.894736842105264	8.263157894736839	101.0
186	0.0	8.894736842105264	8.631578947368418	101.0
187	0.0	9.263157894736842	2.0	101.0
188	0.0	9.263157894736842	2.3684210526315788	101.0
189	0.0	9.263157894736842	2.7368421052631575	101.0
190	0.0	9.263157894736842	3.1052631578947363	101.0
191	0.0	9.263157894736842	3.473684210526315	101.0
192	0.0	9.263157894736842	3.842105263157894	101.0
193	0.0	9.263157894736842	4.210526315789473	101.0
194	0.0	9.263157894736842	4.578947368421051	101.0
195	0.0	9.263157894736842	4.94736842105263	101.0
196	0.0	9.263157894736842	5.315789473684209	101.0
197	0.0	9.263157894736842	5.684210526315788	101.0
198	0.0	9.263157894736842	6.052631578947366	101.0
199	0.0	9.263157894736842	6.421052631578945	101.0
200	0.0	9.263157894736842	6.789473684210524	101.0
201	0.0	9.263157894736842	7.157894736842103	101.0
202	0.0	9.263157894736842	7.526315789473681	101.0
203	0.0	9.263157894736842	7.89473684210526	101.0
204	0.0	9.263157894736842	8.263157894736839	101.0
205	0.0	9.263157894736842	8.631578947368418	101.0
206	0.0	9.263157894736842	8.999999999999996	101.0
207	0.0	9.631578947368421	2.0	101.0
208	0.0	9.631578947368421	2.3684210526315788	101.0
209	0.0	9.631578947368421	2.7368421052631575	101.0
210	0.0	9.631578947368421	3.1052631578947363	101.0
211	0.0	9.631578947368421	3.473684210526315	101.0
212	0.0	9.631578947368421	3.842105263157894	101.0
213	0.0	9.631578947368421	4.210526315789473	101.0
214	0.0	9.631578947368421	4.578947368421051	101.0
215	0.0	9.631578947368421	4.94736842105263	101.0
216	0.0	9.631578947368421	5.315789473684209	101.0
217	0.0	9.631578947368421	5.684210526315788	101.0
218	0.0	9.631578947368421	6.052631578947366	101.0
219	0.0	9.631578947368421	6.421052631578945	101.0
220	0.0	9.631578947368421	6.789473684210524	101.0
221	0.0	9.631578947368421	7.157894736842103	101.0
222	0.0	9.631578947368421	7.526315789473681	101.0
223	0.0	9.631578947368421	7.89473684210526	101.0
224	0.0	9.631578947368421	8.263157894736839	101.0
225	0.0	9.631578947368421	8.631578947368418	101.0
226	0.0	9.631578947368421	8.999999999999996	101.0
227	0.0	9.631578947368421	9.368421052631575	101.0
228	0.0	10.0	2.0	101.0
229	0.0	10.0	2.3684210526315788	101.0
230	0.0	10.0	2.7368421052631575	101.0
231	0.0	10.0	3.1052631578947363	101.0
232	0.0	10.0	3.473684210526315	101.0
233	0.0	10.0	3.842105263157894	101.0
234	0.0	10.0	4.210526315789473	101.0
235	0.0	10.0	4.578947368421051	101.0
236	0.0	10.0	4.94736842105263	101.0
237	0.0	10.0	5.315789473684209	101.0
238	0.0	10.0	5.684210526315788	101.0
239	0.0	10.0	6.052631578947366	101.0
240	0.0	10.0	6.421052631578945	101.0
241	0.0	10.0	6.789473684210524	101.0
242	0.0	10.0	7.157894736842103	101.0
243	0.0	10.0	7.526315789473681	101.0
244	0.0	10.0	7.89473684210526	101.0
245	0.0	10.0	8.263157894736839	101.0
246	0.0	10.0	8.631578947368418	101.0
247	0.0	10.0	8.999999999999996	101.0
248	0.0	10.0	9.368421052631575	101.0
249	0.0	10.0	9.736842105263154	101.0
250	1.0	3.0	2.0	101.0
251	1.0	3.0	2.3684210526315788	101.0
252	1.0	3.0	2.7368421052631575	101.0
253	1.0	3.3684210526315788	2.0	101.0
254	1.0	3.3684210526315788	2.3684210526315788	101.0
255	1.0	3.3684210526315788	2.7368421052631575	101.0
256	1.0	3.3684210526315788	3.1052631578947363	101.0
257	1.0	3.736842105263158	2.0	101.0
258	1.0	3.736842105263158	2.3684210526315788	101.0
259	1.0	3.736842105263158	2.7368421052631575	101.0
260	1.0	3.736842105263158	3.1052631578947363	101.0
261	1.0	3.736842105263158	3.473684210526315	101.0
262	1.0	4.105263157894736	2.0	101.0
263	1.0	4.105263157894736	2.3684210526315788	101.0
264	1.0	4.105263157894736	2.7368421052631575	101.0
265	1.0	4.105263157894736	3.1052631578947363	101.0
266	1.0	4.105263157894736	3.473684210526315	101.0
267	1.0	4.105263157894736	3.842105263157894	101.0
268	1.0	4.473684210526316	2.0	101.0
269	1.0	4.473684210526316	2.3684210526315788	101.0
270	1.0	4.473684210526316	2.7368421052631575	101.0
271	1.0	4.473684210526316	3.1052631578947363	101.0
272	1.0	4.473684210526316	3.473684210526315	101.0
273	1.0	4.473684210526316	3.842105263157894	101.0
274	1.0	4.473684210526316	4.210526315789473	101.0
275	1.0	4.842105263157895	2.0	101.0
276	1.0	4.842105263157895	2.3684210526315788	101.0
277	1.0	4.842105263157895	2.7368421052631575	101.0
278	1.0	4.842105263157895	3.1052631578947363	101.0
279	1.0	4.842105263157895	3.473684210526315	101.0
280	1.0	4.842105263157895	3.842105263157894	101.0
281	1.0	4.842105263157895	4.210526315789473	101.0
282	1.0	4.842105263157895	4.578947368421051	101.0
283	1.0	5.2105263157894735	2.0	101.0
284	1.0	5.2105263157894735	2.3684210526315788	101.0
285	1.0	5.2105263157894735	2.7368421052631575	101.0
286	1.0	5.2105263157894735	3.1052631578947363	101.0
287	1.0	5.2105263157894735	3.473684210526315	101.0
288	1.0	5.2105263157894735	3.842105263157894	101.0
289	1.0	5.2105263157894735	4.210526315789473	101.0
290	1.0	5.2105263157894735	4.578947368421051	101.0
291	1.0	5.2105263157894735	4.94736842105263	101.0
292	1.0	5.578947368421053	2.0	101.0
293	1.0	5.578947368421053	2.3684210526315788	101.0
294	1.0	5.578947368421053	2.7368421052631575	101.0
295	1.0	5.578947368421053	3.1052631578947363	101.0
296	1.0	5.578947368421053	3.473684210526315	101.0
297	1.0	5.578947368421053	3.842105263157894	101.0
298	1.0	5.578947368421053	4.210526315789473	101.0
299	1.0	5.578947368421053	4.578947368421051	101.0
300	1.0	5.578947368421053	4.94736842105263	101.0
301	1.0	5.578947368421053	5.315789473684209	101.0
302	1.0	5.947368421052632	2.0	101.0
303	1.0	5.947368421052632	2.3684210526315788	101.0
304	1.0	5.947368421052632	2.7368421052631575	101.0
305	1.0	5.947368421052632	3.1052631578947363	101.0
306	1.0	5.947368421052632	3.473684210526315	101.0
307	1.0	5.947368421052632	3.842105263157894	101.0
308	1.0	5.947368421052632	4.210526315789473	101.0
309	1.0	5.947368421052632	4.578947368421051	101.0
310	1.0	5.947368421052632	4.94736842105263	101.0
311	1.0	5.947368421052632	5.315789473684209	101.0
312	1.0	5.947368421052632	5.684210526315788	101.0
313	1.0	6.315789473684211	2.0	101.0
314	1.0	6.315789473684211	2.3684210526315788	101.0
315	1.0	6.315789473684211	2.7368421052631575	101.0
316	1.0	6.315789473684211	3.1052631578947363	101.0
317	1.0	6.315789473684211	3.473684210526315	101.0
318	1.0	6.315789473684211	3.842105263157894	101.0
319	1.0	6.315789473684211	4.210526315789473	101.0
320	1.0	6.315789473684211	4.578947368421051	101.0
321	1.0	6.315789473684211	4.94736842105263	101.0
322	1.0	6.315789473684211	5.315789473684209	101.0
323	1.0	6.315789473684211	5.684210526315788	101.0
324	1.0	6.315789473684211	6.052631578947366	101.0
325	1.0	6.684210526315789	2.0	101.0
326	1.0	6.684210526315789	2.3684210526315788	101.0
327	1.0	6.684210526315789	2.7368421052631575	101.0
328	1.0	6.684210526315789	3.1052631578947363	101.0
329	1.0	6.684210526315789	3.473684210526315	101.0
330	1.0	6.684210526315789	3.842105263157894	101.0
331	1.0	6.684210526315789	4.210526315789473	101.0
332	1.0	6.684210526315789	4.578947368421051	101.0
333	1.0	6.684210526315789	4.94736842105263	101.0
334	1.0	6.684210526315789	5.315789473684209	101.0
335	1.0	6.684210526315789	5.684210526315788	101.0
336	1.0	6.684210526315789	6.052631578947366	101.0
337	1.0	6.684210526315789	6.421052631578945	101.0
338	1.0	7.052631578947368	2.0	101.0
339	1.0	7.052631578947368	2.3684210526315788	101.0
340	1.0	7.052631578947368	2.7368421052631575	101.0
341	1.0	7.052631578947368	3.1052631578947363	101.0
342	1.0	7.052631578947368	3.473684210526315	101.0
343	1.0	7.052631578947368	3.842105263157894	101.0
344	1.0	7.052631578947368	4.210526315789473	101.0
345	1.0	7.052631578947368	4.578947368421051	101.0
346	1.0	7.052631578947368	4.94736842105263	101.0
347	1.0	7.052631578947368	5.315789473684209	101.0
348	1.0	7.052631578947368	5.684210526315788	101.0
349	1.0	7.052631578947368	6.052631578947366	101.0
350	1.0	7.052631578947368	6.421052631578945	101.0
351	1.0	7.052631578947368	6.789473684210524	101.0
352	1.0	7.421052631578947	2.0	101.0
353	1.0	7.421052631578947	2.3684210526315788	101.0
354	1.0	7.421052631578947	2.7368421052631575	101.0
355	1.0	7.421052631578947	3.1052631578947363	101.0
356	1.0	7.421052631578947	3.473684210526315	101.0
357	1.0	7.421052631578947	3.842105263157894	101.0
358	1.0	7.421052631578947	4.210526315789473	101.0
359	1.0	7.421052631578947	4.578947368421051	101.0
360	1.0	7.421052631578947	4.94736842105263	101.0
361	1.0	7.421052631578947	5.315789473684209	101.0
362	1.0	7.421052631578947	5.684210526315788	101.0
363	1.0	7.421052631578947	6.052631578947366	101.0
364	1.0	7.421052631578947	6.421052631578945	101.0
365	1.0	7.421052631578947	6.789473684210524	101.0
366	1.0	7.421052631578947	7.157894736842103	101.0
367	1.0	7.789473684210526	2.0	101.0
368	1.0	7.789473684210526	2.3684210526315788	101.0
369	1.0	7.789473684210526	2.7368421052631575	101.0
370	1.0	7.789473684210526	3.1052631578947363	101.0
371	1.0	7.789473684210526	3.473684210526315	101.0
372	1.0	7.789473684210526	3.842105263157894	101.0
373	1.0	7.789473684210526	4.210526315789473	101.0
374	1.0	7.789473684210526	4.578947368421051	101.0
375	1.0	7.789473684210526	4.94736842105263	101.0
376	1.0	7.789473684210526	5.315789473684209	101.0
377	1.0	7.789473684210526	5.684210526315788	101.0
378	1.0	7.789473684210526	6.052631578947366	101.0
379	1.0	7.789473684210526	6.421052631578945	101.0
380	1.0	7.789473684210526	6.789473684210524	101.0
381	1.0	7.789473684210526	7.157894736842103	101.0
382	1.0	7.789473684210526	7.526315789473681	101.0
383	1.0	8.157894736842106	2.0	101.0
384	1.0	8.157894736842106	2.3684210526315788	101.0
385	1.0	8.157894736842106	2.7368421052631575	101.0
386	1.0	8.157894736842106	3.1052631578947363	101.0
387	1.0	8.157894736842106	3.473684210526315	101.0
388	1.0	8.157894736842106	3.842105263157894	101.0
389	1.0	8.157894736842106	4.210526315789473	101.0
390	1.0	8.157894736842106	4.578947368421051	101.0
391	1.0	8.157894736842106	4.94736842105263	101.0
392	1.0	8.157894736842106	5.315789473684209	101.0
393	1.0	8.157894736842106	5.684210526315788	101.0
394	1.0	8.157894736842106	6.052631578947366	101.0
395	1.0	8.157894736842106	6.421052631578945	101.0
396	1.0	8.157894736842106	6.789473684210524	101.0
397	1.0	8.157894736842106	7.157894736842103	101.0
398	1.0	8.157894736842106	7.526315789473681	101.0
399	1.0	8.157894736842106	7.89473684210526	101.0
400	1.0	8.526315789473685	2.0	101.0
401	1.0	8.526315789473685	2.3684210526315788	101.0
402	1.0	8.526315789473685	2.7368421052631575	101.0
403	1.0	8.526315789473685	3.1052631578947363	101.0
404	1.0	8.526315789473685	3.473684210526315	101.0
405	1.0	8.526315789473685	3.842105263157894	101.0
406	1.0	8.526315789473685	4.210526315789473	101.0
407	1.0	8.526315789473685	4.578947368421051	101.0
408	1.0	8.526315789473685	4.94736842105263	101.0
409	1.0	8.526315789473685	5.315789473684209	101.0
410	1.0	8.526315789473685	5.684210526315788	101.0
411	1.0	8.526315789473685	6.052631578947366	101.0
412	1.0	8.526315789473685	6.421052631578945	101.0
413	1.0	8.526315789473685	6.789473684210524	101.0
414	1.0	8.526315789473685	7.157894736842103	101.0
415	1.0	8.526315789473685	7.526315789473681	101.0
416	1.0	8.526315789473685	7.89473684210526	101.0
417	1.0	8.526315789473685	8.263157894736839	101.0
418	1.0	8.894736842105264	2.0	101.0
419	1.0	8.894736842105264	2.3684210526315788	101.0
420	1.0	8.894736842105264	2.7368421052631575	101.0
421	1.0	8.894736842105264	3.1052631578947363	101.0
422	1.0	8.894736842105264	3.473684210526315	101.0
423	1.0	8.894736842105264	3.842105263157894	101.0
424	1.0	8.894736842105264	4.210526315789473	101.0
425	1.0	8.894736842105264	4.578947368421051	101.0
426	1.0	8.894736842105264	4.94736842105263	101.0
427	1.0	8.894736842105264	5.315789473684209	101.0
428	1.0	8.894736842105264	5.684210526315788	101.0
429	1.0	8.894736842105264	6.052631578947366	101.0
430	1.0	8.894736842105264	6.421052631578945	101.0
431	1.0	8.894736842105264	6.789473684210524	101.0
432	1.0	8.894736842105264	7.157894736842103	101.0
433	1.0	8.894736842105264	7.526315789473681	101.0
434	1.0	8.894736842105264	7.89473684210526	101.0
435	1.0	8.894736842105264	8.263157894736839	101.0
436	1.0	8.894736842105264	8.631578947368418	101.0
437	1.0	9.263157894736842	2.0	101.0
438	1.0	9.263157894736842	2.3684210526315788	101.0
439	1.0	9.263157894736842	2.7368421052631575	101.0
440	1.0	9.263157894736842	3.1052631578947363	101.0
441	1.0	9.263157894736842	3.473684210526315	101.0
442	1.0	9.263157894736842	3.842105263157894	101.0
443	1.0	9.263157894736842	4.210526315789473	101.0
444	1.0	9.263157894736842	4.578947368421051	101.0
445	1.0	9.263157894736842	4.94736842105263	101.0
446	1.0	9.263157894736842	5.315789473684209	101.0
447	1.0	9.263157894736842	5.684210526315788	101.0
448	1.0	9.263157894736842	6.052631578947366	101.0
449	1.0	9.263157894736842	6.421052631578945	101.0
450	1.0	9.263157894736842	6.789473684210524	101.0
451	1.0	9.263157894736842	7.157894736842103	101.0
452	1.0	9.263157894736842	7.526315789473681	101.0
453	1.0	9.263157894736842	7.89473684210526	101.0
454	1.0	9.263157894736842	8.263157894736839	101.0
455	1.0	9.263157894736842	8.631578947368418	101.0
456	1.0	9.263157894736842	8.999999999999996	101.0
457	1.0	9.631578947368421	2.0	101.0
458	1.0	9.631578947368421	2.3684210526315788	101.0
459	1.0	9.631578947368421	2.7368421052631575	101.0
460	1.0	9.631578947368421	3.1052631578947363	101.0
461	1.0	9.631578947368421	3.473684210526315	101.0
462	1.0	9.631578947368421	3.842105263157894	101.0
463	1.0	9.631578947368421	4.210526315789473	101.0
464	1.0	9.631578947368421	4.578947368421051	101.0
465	1.0	9.631578947368421	4.94736842105263	101.0
466	1.0	9.631578947368421	5.315789473684209	101.0
467	1.0	9.631578947368421	5.684210526315788	101.0
468	1.0	9.631578947368421	6.052631578947366	101.0
469	1.0	9.631578947368421	6.421052631578945	101.0
470	1.0	9.631578947368421	6.789473684210524	101.0
471	1.0	9.631578947368421	7.157894736842103	101.0
472	1.0	9.631578947368421	7.526315789473681	101.0
473	1.0	9.631578947368421	7.89473684210526	101.0
474	1.0	9.631578947368421	8.263157894736839	101.0
475	1.0	9.631578947368421	8.631578947368418	101.0
476	1.0	9.631578947368421	8.999999999999996	101.0
477	1.0	9.631578947368421	9.368421052631575	101.0
478	1.0	10.0	2.0	101.0
479	1.0	10.0	2.3684210526315788	101.0
480	1.0	10.0	2.7368421052631575	101.0
481	1.0	10.0	3.1052631578947363	101.0
482	1.0	10.0	3.473684210526315	101.0
483	1.0	10.0	3.842105263157894	101.0
484	1.0	10.0	4.210526315789473	101.0
485	1.0	10.0	4.578947368421051	101.0
486	1.0	10.0	4.94736842105263	101.0
487	1.0	10.0	5.315789473684209	101.0
488	1.0	10.0	5.684210526315788	101.0
489	1.0	10.0	6.052631578947366	101.0
490	1.0	10.0	6.421052631578945	101.0
491	1.0	10.0	6.789473684210524	101.0
492	1.0	10.0	7.157894736842103	101.0
493	1.0	10.0	7.526315789473681	101.0
494	1.0	10.0	7.89473684210526	101.0
495	1.0	10.0	8.263157894736839	101.0
496	1.0	10.0	8.631578947368418	101.0
497	1.0	10.0	8.999999999999996	101.0
498	1.0	10.0	9.368421052631575	101.0
499	1.0	10.0	9.736842105263154	101.0
500	2.0	3.0	2.0	101.0
501	2.0	3.0	2.3684210526315788	101.0
502	2.0	3.0	2.7368421052631575	101.0
503	2.0	3.3684210526315788	2.0	101.0
504	2.0	3.3684210526315788	2.3684210526315788	101.0
505	2.0	3.3684210526315788	2.7368421052631575	101.0
506	2.0	3.3684210526315788	3.1052631578947363	101.0
507	2.0	3.736842105263158	2.0	101.0
508	2.0	3.736842105263158	2.3684210526315788	101.0
509	2.0	3.736842105263158	2.7368421052631575	101.0
510	2.0	3.736842105263158	3.1052631578947363	101.0
511	2.0	3.736842105263158	3.473684210526315	101.0
512	2.0	4.105263157894736	2.0	101.0
513	2.0	4.105263157894736	2.3684210526315788	101.0
514	2.0	4.105263157894736	2.7368421052631575	101.0
515	2.0	4.105263157894736	3.1052631578947363	101.0
516	2.0	4.105263157894736	3.473684210526315	101.0
517	2.0	4.105263157894736	3.842105263157894	101.0
518	2.0	4.473684210526316	2.0	101.0
519	2.0	4.473684210526316	2.3684210526315788	101.0
520	2.0	4.473684210526316	2.7368421052631575	101.0
521	2.0	4.473684210526316	3.1052631578947363	101.0
522	2.0	4.473684210526316	3.473684210526315	101.0
523	2.0	4.473684210526316	3.842105263157894	101.0
524	2.0	4.473684210526316	4.210526315789473	101.0
525	2.0	4.842105263157895	2.0	101.0
526	2.0	4.842105263157895	2.3684210526315788	101.0
527	2.0	4.842105263157895	2.7368421052631575	101.0
528	2.0	4.842105263157895	3.1052631578947363	101.0
529	2.0	4.842105263157895	3.473684210526315	101.0
530	2.0	4.842105263157895	3.842105263157894	101.0
531	2.0	4.842105263157895	4.210526315789473	101.0
532	2.0	4.842105263157895	4.578947368421051	101.0
533	2.0	5.2105263157894735	2.0	101.0
534	2.0	5.2105263157894735	2.3684210526315788	101.0
535	2.0	5.2105263157894735	2.7368421052631575	101.0
536	2.0	5.2105263157894735	3.1052631578947363	101.0
537	2.0	5.2105263157894735	3.473684210526315	101.0
538	2.0	5.2105263157894735	3.842105263157894	101.0
539	2.0	5.2105263157894735	4.210526315789473	101.0
540	2.0	5.2105263157894735	4.578947368421051	101.0
541	2.0	5.2105263157894735	4.94736842105263	101.0
542	2.0	5.578947368421053	2.0	101.0
543	2.0	5.578947368421053	2.3684210526315788	101.0
544	2.0	5.578947368421053	2.7368421052631575	101.0
545	2.0	5.578947368421053	3.1052631578947363	101.0
546	2.0	5.578947368421053	3.473684210526315	101.0
547	2.0	5.578947368421053	3.842105263157894	101.0
548	2.0	5.578947368421053	4.210526315789473	101.0
549	2.0	5.578947368421053	4.578947368421051	101.0
550	2.0	5.578947368421053	4.94736842105263	101.0
551	2.0	5.578947368421053	5.315789473684209	101.0
552	2.0	5.947368421052632	2.0	101.0
553	2.0	5.947368421052632	2.3684210526315788	101.0
554	2.0	5.947368421052632	2.7368421052631575	101.0
555	2.0	5.947368421052632	3.1052631578947363	101.0
556	2.0	5.947368421052632	3.473684210526315	101.0
557	2.0	5.947368421052632	3.842105263157894	101.0
558	2.0	5.947368421052632	4.210526315789473	101.0
559	2.0	5.947368421052632	4.578947368421051	101.0
560	2.0	5.947368421052632	4.94736842105263	101.0
561	2.0	5.947368421052632	5.315789473684209	101.0
562	2.0	5.947368421052632	5.684210526315788	101.0
563	2.0	6.315789473684211	2.0	101.0
564	2.0	6.315789473684211	2.3684210526315788	101.0
565	2.0	6.315789473684211	2.7368421052631575	101.0
566	2.0	6.315789473684211	3.1052631578947363	101.0
567	2.0	6.315789473684211	3.473684210526315	101.0
568	2.0	6.315789473684211	3.842105263157894	101.0
569	2.0	6.315789473684211	4.210526315789473	101.0
570	2.0	6.315789473684211	4.578947368421051	101.0
571	2.0	6.315789473684211	4.94736842105263	101.0
572	2.0	6.315789473684211	5.315789473684209	101.0
573	2.0	6.315789473684211	5.684210526315788	101.0
574	2.0	6.315789473684211	6.052631578947366	101.0
575	2.0	6.684210526315789	2.0	101.0
576	2.0	6.684210526315789	2.3684210526315788	101.0
577	2.0	6.684210526315789	2.7368421052631575	101.0
578	2.0	6.684210526315789	3.1052631578947363	101.0
579	2.0	6.684210526315789	3.473684210526315	101.0
580	2.0	6.684210526315789	3.842105263157894	101.0
581	2.0	6.684210526315789	4.210526315789473	101.0
582	2.0	6.684210526315789	4.578947368421051	101.0
583	2.0	6.684210526315789	4.94736842105263	101.0
584	2.0	6.684210526315789	5.315789473684209	101.0
585	2.0	6.684210526315789	5.684210526315788	101.0
586	2.0	6.684210526315789	6.052631578947366	101.0
587	2.0	6.684210526315789	6.421052631578945	101.0
588	2.0	7.052631578947368	2.0	101.0
589	2.0	7.052631578947368	2.3684210526315788	101.0
590	2.0	7.052631578947368	2.7368421052631575	101.0
591	2.0	7.052631578947368	3.1052631578947363	101.0
592	2.0	7.052631578947368	3.473684210526315	101.0
593	2.0	7.052631578947368	3.842105263157894	101.0
594	2.0	7.052631578947368	4.210526315789473	101.0
595	2.0	7.052631578947368	4.578947368421051	101.0
596	2.0	7.052631578947368	4.94736842105263	101.0
597	2.0	7.052631578947368	5.315789473684209	101.0
598	2.0	7.052631578947368	5.684210526315788	101.0
599	2.0	7.052631578947368	6.052631578947366	101.0
600	2.0	7.052631578947368	6.421052631578945	101.0
601	2.0	7.052631578947368	6.789473684210524	101.0
602	2.0	7.421052631578947	2.0	101.0
603	2.0	7.421052631578947	2.3684210526315788	101.0
604	2.0	7.421052631578947	2.7368421052631575	101.0
605	2.0	7.421052631578947	3.1052631578947363	101.0
606	2.0	7.421052631578947	3.473684210526315	101.0
607	2.0	7.421052631578947	3.842105263157894	101.0
608	2.0	7.421052631578947	4.210526315789473	101.0
609	2.0	7.421052631578947	4.578947368421051	101.0
610	2.0	7.421052631578947	4.94736842105263	101.0
611	2.0	7.421052631578947	5.315789473684209	101.0
612	2.0	7.421052631578947	5.684210526315788	101.0
613	2.0	7.421052631578947	6.052631578947366	101.0
614	2.0	7.421052631578947	6.421052631578945	101.0
615	2.0	7.421052631578947	6.789473684210524	101.0
616	2.0	7.421052631578947	7.157894736842103	101.0
617	2.0	7.789473684210526	2.0	101.0
618	2.0	7.789473684210526	2.3684210526315788	101.0
619	2.0	7.789473684210526	2.7368421052631575	101.0
620	2.0	7.789473684210526	3.1052631578947363	101.0
621	2.0	7.789473684210526	3.473684210526315	101.0
622	2.0	7.789473684210526	3.842105263157894	101.0
623	2.0	7.789473684210526	4.210526315789473	101.0
624	2.0	7.789473684210526	4.578947368421051	101.0
625	2.0	7.789473684210526	4.94736842105263	101.0
626	2.0	7.789473684210526	5.315789473684209	101.0
627	2.0	7.789473684210526	5.684210526315788	101.0
628	2.0	7.789473684210526	6.052631578947366	101.0
629	2.0	7.789473684210526	6.421052631578945	101.0
630	2.0	7.789473684210526	6.789473684210524	101.0
631	2.0	7.789473684210526	7.157894736842103	101.0
632	2.0	7.789473684210526	7.526315789473681	101.0
633	2.0	8.157894736842106	2.0	101.0
634	2.0	8.157894736842106	2.3684210526315788	101.0
635	2.0	8.157894736842106	2.7368421052631575	101.0
636	2.0	8.157894736842106	3.1052631578947363	101.0
637	2.0	8.157894736842106	3.473684210526315	101.0
638	2.0	8.157894736842106	3.842105263157894	101.0
639	2.0	8.157894736842106	4.210526315789473	101.0
640	2.0	8.157894736842106	4.578947368421051	101.0
641	2.0	8.157894736842106	4.94736842105263	101.0
642	2.0	8.157894736842106	5.315789473684209	101.0
643	2.0	8.157894736842106	5.684210526315788	101.0
644	2.0	8.157894736842106	6.052631578947366	101.0
645	2.0	8.157894736842106	6.421052631578945	101.0
646	2.0	8.157894736842106	6.789473684210524	101.0
647	2.0	8.157894736842106	7.157894736842103	101.0
648	2.0	8.157894736842106	7.526315789473681	101.0
649	2.0	8.157894736842106	7.89473684210526	101.0
650	2.0	8.526315789473685	2.0	101.0
651	2.0	8.526315789473685	2.3684210526315788	101.0
652	2.0	8.526315789473685	2.7368421052631575	101.0
653	2.0	8.526315789473685	3.1052631578947363	101.0
654	2.0	8.526315789473685	3.473684210526315	101.0
655	2.0	8.526315789473685	3.842105263157894	101.0
656	2.0	8.526315789473685	4.210526315789473	101.0
657	2.0	8.526315789473685	4.578947368421051	101.0
658	2.0	8.526315789473685	4.94736842105263	101.0
659	2.0	8.526315789473685	5.315789473684209	101.0
660	2.0	8.526315789473685	5.684210526315788	101.0
661	2.0	8.526315789473685	6.052631578947366	101.0
662	2.0	8.526315789473685	6.421052631578945	101.0
663	2.0	8.526315789473685	6.789473684210524	101.0
664	2.0	8.526315789473685	7.157894736842103	101.0
665	2.0	8.526315789473685	7.526315789473681	101.0
666	2.0	8.526315789473685	7.89473684210526	101.0
667	2.0	8.526315789473685	8.263157894736839	101.0
668	2.0	8.894736842105264	2.0	101.0
669	2.0	8.894736842105264	2.3684210526315788	101.0
670	2.0	8.894736842105264	2.7368421052631575	101.0
671	2.0	8.894736842105264	3.1052631578947363	101.0
672	2.0	8.894736842105264	3.473684210526315	101.0
673	2.0	8.894736842105264	3.842105263157894	101.0
674	2.0	8.894736842105264	4.210526315789473	101.0
675	2.0	8.894736842105264	4.578947368421051	101.0
676	2.0	8.894736842105264	4.94736842105263	101.0
677	2.0	8.894736842105264	5.315789473684209	101.0
678	2.0	8.894736842105264	5.684210526315788	101.0
679	2.0	8.894736842105264	6.052631578947366	101.0
680	2.0	8.894736842105264	6.421052631578945	101.0
681	2.0	8.894736842105264	6.789473684210524	101.0
682	2.0	8.894736842105264	7.157894736842103	101.0
683	2.0	8.894736842105264	7.526315789473681	101.0
684	2.0	8.894736842105264	7.89473684210526	101.0
685	2.0	8.894736842105264	8.263157894736839	101.0
686	2.0	8.894736842105264	8.631578947368418	101.0
687	2.0	9.263157894736842	2.0	101.0
688	2.0	9.263157894736842	2.3684210526315788	101.0
689	2.0	9.263157894736842	2.7368421052631575	101.0
690	2.0	9.263157894736842	3.1052631578947363	101.0
691	2.0	9.263157894736842	3.473684210526315	101.0
692	2.0	9.263157894736842	3.842105263157894	101.0
693	2.0	9.263157894736842	4.210526315789473	101.0
694	2.0	9.263157894736842	4.578947368421051	101.0
695	2.0	9.263157894736842	4.94736842105263	101.0
696	2.0	9.263157894736842	5.315789473684209	101.0
697	2.0	9.263157894736842	5.684210526315788	101.0
698	2.0	9.263157894736842	6.052631578947366	101.0
699	2.0	9.263157894736842	6.421052631578945	101.0
700	2.0	9.263157894736842	6.789473684210524	101.0
701	2.0	9.263157894736842	7.157894736842103	101.0
702	2.0	9.263157894736842	7.526315789473681	101.0
703	2.0	9.263157894736842	7.89473684210526	101.0
704	2.0	9.263157894736842	8.263157894736839	101.0
705	2.0	9.263157894736842	8.631578947368418	101.0
706	2.0	9.263157894736842	8.999999999999996	101.0
707	2.0	9.631578947368421	2.0	101.0
708	2.0	9.631578947368421	2.3684210526315788	101.0
709	2.0	9.631578947368421	2.7368421052631575	101.0
710	2.0	9.631578947368421	3.1052631578947363	101.0
711	2.0	9.631578947368421	3.473684210526315	101.0
712	2.0	9.631578947368421	3.842105263157894	101.0
713	2.0	9.631578947368421	4.210526315789473	101.0
714	2.0	9.631578947368421	4.578947368421051	101.0
715	2.0	9.631578947368421	4.94736842105263	101.0
716	2.0	9.631578947368421	5.315789473684209	101.0
717	2.0	9.631578947368421	5.684210526315788	101.0
718	2.0	9.631578947368421	6.052631578947366	101.0
719	2.0	9.631578947368421	6.421052631578945	101.0
720	2.0	9.631578947368421	6.789473684210524	101.0
721	2.0	9.631578947368421	7.157894736842103	101.0
722	2.0	9.631578947368421	7.526315789473681	101.0
723	2.0	9.631578947368421	7.89473684210526	101.0
724	2.0	9.631578947368421	8.263157894736839	101.0
725	2.0	9.631578947368421	8.631578947368418	101.0
726	2.0	9.631578947368421	8.999999999999996	101.0
727	2.0	9.631578947368421	9.368421052631575	101.0
728	2.0	10.0	2.0	101.0
729	2.0	10.0	2.3684210526315788	101.0
730	2.0	10.0	2.7368421052631575	101.0
731	2.0	10.0	3.1052631578947363	101.0
732	2.0	10.0	3.473684210526315	101.0
733	2.0	10.0	3.842105263157894	101.0
734	2.0	10.0	4.210526315789473	101.0
735	2.0	10.0	4.578947368421051	101.0
736	2.0	10.0	4.94736842105263	101.0
737	2.0	10.0	5.315789473684209	101.0
738	2.0	10.0	5.684210526315788	101.0
739	2.0	10.0	6.052631578947366	101.0
740	2.0	10.0	6.421052631578945	101.0
741	2.0	10.0	6.789473684210524	101.0
742	2.0	10.0	7.157894736842103	101.0
743	2.0	10.0	7.526315789473681	101.0
744	2.0	10.0	7.89473684210526	101.0
745	2.0	10.0	8.263157894736839	101.0
746	2.0	10.0	8.631578947368418	101.0
747	2.0	10.0	8.999999999999996	101.0
748	2.0	10.0	9.368421052631575	101.0
749	2.0	10.0	9.736842105263154	101.0
